4096	10.55	39.25	0	-1	-1
4097	10.55	49.98	0	0	3.82
4098	10.55	60.13	0	0	3.01
4099	10.55	64.77	0	0	1.46
4100	10.55	67.19	0	0	1.2
4101	10.55	71.06	0	0	1.09
4102	10.55	73.99	0	1.19	0.63
4103	10.55	76.55	0	2.75	1.03
4104	10.55	80.41	0	5.47	0.26
4105	10.55	83.71	0	9.03	0
4106	10.55	84.33	0.04	12.56	0.26
4107	10.55	86.11	0.07	14.81	1.02
4108	10.55	85.84	0.92	17.93	0.94
4109	10.55	87.3	1.49	21.59	1.09
4110	10.55	87.38	1.91	22.37	1.57
4111	10.55	84.98	2.92	23.17	3.09
4112	10.55	84.12	3.71	21.84	1.76
4113	10.55	80.13	4.75	20.29	1.42
4114	10.55	76.01	6.46	17.92	1.78
4115	10.55	70.56	8.31	14.7	0
4116	10.55	63.68	10.49	10.94	1.31
4117	10.55	57.16	13.13	7.1	2.15
4118	10.55	48.19	16.1	4.8	1.71
4119	10.55	39.78	19.23	3.94	1.79
4120	10.55	30.64	22.33	3.25	2.55
4121	10.55	23.22	23.8	2.84	5.13
4122	10.55	17.11	25.09	3.09	6.91
4123	10.55	13.36	25.8	3.29	10.91
4124	10.55	9.99	24.11	3.54	15.62
4125	10.55	7.24	21.56	3.1	24.34
4126	10.55	5.31	18.89	3.46	33.33
4127	10.55	3.83	14.84	4.08	42.46
4128	10.55	2.75	12.05	4.41	49.62
4129	10.55	1.93	10.12	5.88	47.93
4130	10.55	1.23	7.08	7.93	45.96
4131	10.55	0.8	5.02	7.84	46.14
4132	10.55	0.36	3.62	10	36.44
4133	10.55	0	2	9.94	29.84
4134	10.55	0	1.19	12.67	21.27
4135	10.55	0	0.62	15.49	17.16
4136	10.55	0	0	17.05	10.75
4137	10.55	0	0	16.91	9.76
4138	10.55	0	0	17.44	9.28
4139	10.55	0	0	18.94	11.02
4140	10.55	0	0.04	18.21	12.3
4141	10.55	0	0.74	18.14	10.94
4142	10.55	0	0.86	17.48	9.66
4143	10.55	0	0.07	12.61	8.04
4144	10.55	0	0	6.47	2.3
4145	10.55	0	0	2.13	0
					
					
8192	24.225	21.97	-1	-1	-1
8193	24.225	49.22	0	0	25.48
8194	24.225	53.45	0	0	17.67
8195	24.225	63.32	0	0	20.16
8196	24.225	71.77	0.05	0	20.94
8197	24.225	82.14	0.03	0	20.05
8198	24.225	87.08	0.3	0.28	18.5
8199	24.225	92.86	0.19	1.3	17.46
8200	24.225	98.91	0.18	2.72	18.16
8201	24.225	101.3	0.31	4.25	16.6
8202	24.225	107.32	0.36	7.13	15.54
8203	24.225	110.54	0	9.65	15.78
8204	24.225	113.3	0	14.47	15
8205	24.225	119.74	0	19.48	13.6
8206	24.225	121.37	0	24.33	13.38
8207	24.225	123.91	0	31.44	12.76
8208	24.225	125.83	0	37.89	12.5
8209	24.225	127.69	0	43.65	11.87
8210	24.225	130.58	0	50.6	11.78
8211	24.225	132.68	0	57.32	10.73
8212	24.225	133.83	0.28	62.84	8.88
8213	24.225	136.18	0.19	66.27	8.52
8214	24.225	136.92	0.48	70.03	6.67
8215	24.225	139.44	0.51	73.62	5.68
8216	24.225	141.95	0.86	75.17	4.65
8217	24.225	140.44	1.12	77.95	3.59
8218	24.225	142.1	1.38	78.92	2.37
8219	24.225	143.62	1.94	79.91	1.8
8220	24.225	144.46	2.44	78.9	1.41
8221	24.225	144.33	2.7	77.91	1.16
8222	24.225	143.73	3.29	76.3	1.15
8223	24.225	142.96	3.99	75.08	0.63
8224	24.225	142.7	5.05	72.42	0.59
8225	24.225	140.47	6.51	67.44	0.5
8226	24.225	138.65	7.71	61.6	0.09
8227	24.225	136.58	9.56	55.8	0.25
8228	24.225	132.55	12.15	48.68	0
8229	24.225	127.89	14.32	41.44	0
8230	24.225	123.35	17.72	34.72	0
8231	24.225	119.45	21.85	26.65	0.08
8232	24.225	112.31	27.24	21.23	0.23
8233	24.225	104.02	32.77	15.06	0
8234	24.225	95.34	39.42	11.02	0.19
8235	24.225	86.09	46.49	7.75	0
8236	24.225	75.35	54.6	5.06	0.27
8237	24.225	64.48	62.14	3.61	0.14
8238	24.225	54.31	67.99	2.9	0.1
8239	24.225	45.23	75.3	2.1	0.27
8240	24.225	36.12	81.64	1.34	0.82
8241	24.225	28.34	86.81	0.94	2.04
8242	24.225	22.03	92.03	0.8	2.01
8243	24.225	17.23	94.53	0.37	3.19
8244	24.225	13.25	95.09	0.55	4.74
8245	24.225	10.38	96.97	0.46	8.47
8246	24.225	7.89	96.21	0.3	9.74
8247	24.225	5.94	95.29	0.02	14.47
8248	24.225	4.66	91.39	0	20.24
8249	24.225	3.45	87.12	0	27.41
8250	24.225	2.6	80.54	0	35.42
8251	24.225	1.78	72.98	0	43.34
8252	24.225	1.18	64.82	0.01	52.9
8253	24.225	0.72	55.85	0.33	60.34
8254	24.225	0.28	47.65	0.92	65.79
8255	24.225	0	38.91	1.7	72.82
8256	24.225	0	31.46	3.41	74.57
8257	24.225	0	24.4	4.97	75.59
8258	24.225	0	18.83	7.1	75.47
8259	24.225	0	15.05	10.14	74.89
8260	24.225	0	11.56	14.78	72.44
8261	24.225	0	9.11	17.99	67.3
8262	24.225	0	7.14	22.63	61.57
8263	24.225	0	5.67	29.46	55.64
8264	24.225	0	4.28	33.53	49.27
8265	24.225	0	3.3	39.87	41.11
8266	24.225	0	2.27	45.64	33.59
8267	24.225	0	1.91	51.32	27.66
8268	24.225	0	1.49	55.86	22.22
8269	24.225	0	1.12	59.33	16.94
8270	24.225	0	0.62	61.94	12.62
8271	24.225	0	0.6	63.25	10.38
8272	24.225	0	0.35	65.71	7.1
8273	24.225	0.17	0	64.04	5.81
8274	24.225	0.41	0	63.03	4.27
8275	24.225	0.91	0	60.55	3.05
8276	24.225	1.46	0	56.28	2.55
8277	24.225	1.84	0	52.03	1.76
8278	24.225	2.35	0	48.48	1.35
8279	24.225	2.83	0.12	44.33	1.44
8280	24.225	3.46	0.09	40.9	1.22
8281	24.225	4.04	0.36	37.6	0.76
8282	24.225	4.5	0.5	33.77	0.76
8283	24.225	4.96	0.44	29.99	0.7
8284	24.225	5.21	0.52	26.61	0.01
8285	24.225	5	0.48	23.27	0
8286	24.225	5.27	0.37	19.66	0
8287	24.225	5.35	0	17.29	0
8288	24.225	5.22	0	14.18	0
8289	24.225	4.1	0	10.79	0
8290	24.225	2.9	0	11	0
8291	24.225	0.64	-1	-1	-1
					
					
8192	30.475	43.9	0	0	20.89
8193	30.475	54.68	0	0	22.83
8194	30.475	53.2	0	0	35.09
8195	30.475	61.92	0	0	34.39
8196	30.475	70.29	0	0	34.79
8197	30.475	78.4	0	0	34.75
8198	30.475	84.64	0	0	33.24
8199	30.475	92.5	0	0.7	32.8
8200	30.475	98.47	0.14	2.19	30.91
8201	30.475	111.38	0.34	3.37	27.76
8202	30.475	114.32	0.16	5.23	28.16
8203	30.475	121.83	0.05	8.1	23.09
8204	30.475	125.7	0.11	12.83	20.27
8205	30.475	132.22	0.27	17.51	17.64
8206	30.475	136.56	0.33	24.17	17.85
8207	30.475	143.27	0.23	31.74	13.41
8208	30.475	149.57	0.18	40.2	11.55
8209	30.475	153.54	0.22	49.48	9.36
8210	30.475	157.57	0.38	59.27	9.09
8211	30.475	159.47	0.52	65.65	7.63
8212	30.475	162.28	0.35	73.88	6.35
8213	30.475	163.38	0.59	80.76	4.69
8214	30.475	165.2	0.73	86.88	4.32
8215	30.475	166	0.82	93.78	2.7
8216	30.475	167.34	1.16	98.78	1.86
8217	30.475	168.23	1.48	102.85	0.78
8218	30.475	170.12	1.65	106.14	0.4
8219	30.475	169.92	1.84	111.26	0
8220	30.475	170.31	2.31	113.42	0
8221	30.475	171.58	2.94	115.54	0
8222	30.475	169.95	3.5	116.43	0
8223	30.475	170.51	4.23	116.03	0.01
8224	30.475	170.44	5.19	112.5	0.04
8225	30.475	168.75	6.26	109.49	0.01
8226	30.475	165.14	7.46	101.15	0
8227	30.475	164.38	9.22	92.64	0.07
8228	30.475	161.42	12.17	79.73	0
8229	30.475	158.63	15.63	64.96	0.08
8230	30.475	152.64	19.99	50.62	0
8231	30.475	148.28	26.48	37.38	0.16
8232	30.475	140.58	33.59	26.11	0.8
8233	30.475	130.04	42.4	18.1	0.49
8234	30.475	118	53.5	12.61	0.97
8235	30.475	102.68	65.47	8.69	1.1
8236	30.475	86.95	79.86	6.48	1.28
8237	30.475	72.37	92.79	4.61	1.5
8238	30.475	56.2	104.83	3.58	1.15
8239	30.475	43.28	115.04	2.84	1.74
8240	30.475	32.23	124.76	1.97	2.31
8241	30.475	24.17	131.11	1.65	2.45
8242	30.475	18.25	133.27	1.24	3.4
8243	30.475	13.75	136.41	0.77	4.53
8244	30.475	10.36	137.16	0.6	5.91
8245	30.475	7.64	135.86	0.75	9.42
8246	30.475	5.78	131.79	0.76	13.7
8247	30.475	4.5	125.5	0.37	20.55
8248	30.475	3.4	117.62	0	29.56
8249	30.475	2.36	108.62	0.09	41.41
8250	30.475	1.66	98.44	0	54.07
8251	30.475	1.15	83.94	0	68.82
8252	30.475	0.77	70.44	0	83.7
8253	30.475	0.43	57.43	0	97.76
8254	30.475	0.02	45.44	0.23	109.54
8255	30.475	0	35.24	1.19	116.13
8256	30.475	0	26.74	2.59	120.8
8257	30.475	0	20.39	5.32	121.37
8258	30.475	0	14.69	9.14	119.05
8259	30.475	0	10.9	14.19	114.27
8260	30.475	0	7.85	21.16	106.43
8261	30.475	0	5.78	30.69	95.84
8262	30.475	0	4.09	39.67	82.02
8263	30.475	0	2.71	48.48	70.77
8264	30.475	0	2.02	57.46	58.57
8265	30.475	0	1.44	65.28	46.43
8266	30.475	0	0.71	71.63	35.76
8267	30.475	0	0.45	76.75	29.18
8268	30.475	0	0.22	79.08	23.03
8269	30.475	0	0.16	80.41	17.19
8270	30.475	0	0	78.17	14.27
8271	30.475	0.59	0	74.45	10.5
8272	30.475	1.45	0	69.57	8.81
8273	30.475	2.32	0	63.31	7.22
8274	30.475	3.89	0	56.67	6.12
8275	30.475	5.22	0	49.52	5.2
8276	30.475	6.59	0.03	44.1	4.17
8277	30.475	7.72	0.05	38.34	3.32
8278	30.475	8.63	0.09	33.27	3.02
8279	30.475	9.4	0	28.13	2.76
8280	30.475	9.45	0	24.31	1.97
8281	30.475	10.18	0.07	19.9	1.75
8282	30.475	10.02	0.07	16.65	1.44
8283	30.475	9.53	0.22	13.8	0.9
8284	30.475	9.82	0.34	11.14	0.73
8285	30.475	9.98	0.24	8.14	0.43
8286	30.475	8.33	0.18	6.02	0
8287	30.475	9.33	0.01	2.91	0
8288	30.475	8.92	0	0	0
8289	30.475	8.46	0	0	0
8290	30.475	9.38	0.56	0	0
8291	30.475	8.07	0	0.08	0
					
					
8192	36.725	62.28	0	0	53.78
8193	36.725	66.94	0	0	59.97
8194	36.725	74.78	0	0	62.15
8195	36.725	81.01	0	0	70.1
8196	36.725	93.98	0	0	70.37
8197	36.725	99.15	0	0	65.95
8198	36.725	108.67	0	0	61.66
8199	36.725	113.82	0.37	0	58.26
8200	36.725	121.65	0.2	0.14	54.59
8201	36.725	132.19	0.54	1.6	45.98
8202	36.725	140.56	0.57	3.2	47.8
8203	36.725	149.67	0.58	6.19	44.05
8204	36.725	157.22	0.21	11.12	42.71
8205	36.725	164.27	0.33	15.88	35.93
8206	36.725	171.53	0.14	23.81	31.83
8207	36.725	175.02	0.01	35.73	29.67
8208	36.725	177.78	0	48.79	25.75
8209	36.725	180.23	0	65.59	21.74
8210	36.725	183.62	0	80.89	19.88
8211	36.725	185.46	0	94	16.67
8212	36.725	187.42	0	107.42	13.06
8213	36.725	189.04	0.03	117.46	11.05
8214	36.725	190.66	0.09	125.92	8.06
8215	36.725	192.75	0.18	130.59	6.24
8216	36.725	193.47	0.4	136.96	4.93
8217	36.725	195.04	0.38	141.93	3.57
8218	36.725	196.13	0.58	148.42	1.64
8219	36.725	196.6	0.92	153.36	1.35
8220	36.725	195.95	1.37	157.63	0.94
8221	36.725	198.14	1.66	160.78	0.72
8222	36.725	198.29	2.16	161.9	0.68
8223	36.725	198.38	2.61	163.36	0.46
8224	36.725	197.33	3.2	160.31	0.4
8225	36.725	196.68	3.66	155.75	0.26
8226	36.725	195.17	4.36	147.89	0
8227	36.725	193.79	5.18	137.35	0
8228	36.725	190.73	6.96	119.99	0
8229	36.725	188.05	9	98.37	0
8230	36.725	184.31	11.54	75.02	0
8231	36.725	179.98	15.68	53.78	0
8232	36.725	173.38	22.04	35.84	0
8233	36.725	166.03	31.75	23.55	0
8234	36.725	154.49	43.54	15.69	0
8235	36.725	139.2	59.59	10.28	0
8236	36.725	120.09	78.35	6.33	0
8237	36.725	96.92	100.32	4.47	0
8238	36.725	75.63	118.81	3.1	0
8239	36.725	56.39	134.89	2	0
8240	36.725	40.12	148.22	1.65	0
8241	36.725	29.13	155.99	1.19	0.41
8242	36.725	21.18	159.66	0.76	1.57
8243	36.725	15.48	162.07	0.56	3.16
8244	36.725	10.83	162.45	0.33	5.27
8245	36.725	7.62	161.49	0.22	8.68
8246	36.725	5.73	157.9	0.07	14.8
8247	36.725	3.83	152.67	0	24.28
8248	36.725	2.79	144.47	0	37.82
8249	36.725	1.99	132.68	0	53.63
8250	36.725	1.22	116.72	0	74.13
8251	36.725	0.7	97.61	0	95.89
8252	36.725	0.24	78.43	0	117.02
8253	36.725	0.11	58.99	0	136.13
8254	36.725	0	43.05	0	149.68
8255	36.725	0	30.49	1.33	157.06
8256	36.725	0	21.05	4.3	159.2
8257	36.725	0	14.98	10.48	156.38
8258	36.725	0	10.31	19.02	149.96
8259	36.725	0	7.22	31.2	136.46
8260	36.725	0	5.23	45.34	118.34
8261	36.725	0	3.79	61.3	99.36
8262	36.725	0	2.75	75.71	81.61
8263	36.725	0	1.92	90.02	62.85
8264	36.725	0	1.36	100.38	48.55
8265	36.725	0	0.98	106.63	37.76
8266	36.725	0	0.57	110.61	29.01
8267	36.725	0	0.34	109.13	21.74
8268	36.725	0.42	0.27	105.78	16.24
8269	36.725	1.93	0.21	98.74	11.82
8270	36.725	4.25	0.08	88.7	9.01
8271	36.725	6.79	0.07	78.71	6.69
8272	36.725	10.62	0.13	69.42	5.4
8273	36.725	14.19	0.29	59.27	4.44
8274	36.725	17.36	0.27	50.82	3.8
8275	36.725	20.07	0.3	42.26	3.08
8276	36.725	22.89	0.37	35.34	2.46
8277	36.725	24.23	0.29	28.92	2.06
8278	36.725	24.7	0.28	24.22	1.63
8279	36.725	24.38	0.15	19.02	1.6
8280	36.725	23.38	0.22	15.15	1.44
8281	36.725	21.71	0.05	12.24	1.4
8282	36.725	19.83	0.02	8.6	1.17
8283	36.725	17.5	0	5.79	0.69
8284	36.725	14.77	0	3.69	0.48
8285	36.725	12.31	0	1.59	0.17
8286	36.725	10.31	0	0	0
8287	36.725	9.1	0	0	0
8288	36.725	7.5	0	0	0
8289	36.725	7.47	0	0	0
8290	36.725	4.83	0	0	0
8291	36.725	4.28	0	0	0
					
					
8192	42.975	61.1	0	0	71.77
8193	42.975	69.54	0	0	71.21
8194	42.975	66.98	0	0	55.42
8195	42.975	79.44	0	0	61.23
8196	42.975	93.94	0	0	59.17
8197	42.975	107.68	0.3	0	57.24
8198	42.975	122.62	0.68	0	56.57
8199	42.975	136.37	1.22	0	51.61
8200	42.975	136.32	1.23	0	46.53
8201	42.975	145.36	1.61	1.1	41.24
8202	42.975	151.63	1.8	2.87	36.68
8203	42.975	157.01	1.78	5.92	32.32
8204	42.975	161.62	1.68	10.22	28.12
8205	42.975	172.87	1.4	17.77	23.58
8206	42.975	177.31	0.91	28.42	22.12
8207	42.975	182.1	0.33	44.59	16.71
8208	42.975	186.94	0.19	62.85	14.52
8209	42.975	187.58	0	83.74	10.92
8210	42.975	188.83	0	103.81	10.34
8211	42.975	190.5	0	121.79	6.39
8212	42.975	190.04	0	135.14	4.36
8213	42.975	192.73	0	145.02	3.7
8214	42.975	191.9	0	150.22	4.16
8215	42.975	192.2	0	156.06	0.87
8216	42.975	192.6	0	162.63	0.16
8217	42.975	194.4	0.07	167.59	0.77
8218	42.975	196.14	0.25	173.3	0
8219	42.975	198.74	0.56	180.76	0.54
8220	42.975	200.79	0.85	186.23	0.25
8221	42.975	200.98	1.49	191.29	0.21
8222	42.975	201.66	2.04	194.22	0.49
8223	42.975	201.79	2.42	196.06	0.44
8224	42.975	202.99	2.93	196.76	0.38
8225	42.975	202.6	3.56	193.52	0.16
8226	42.975	202.52	4.24	188.42	0
8227	42.975	201.48	5.06	176.19	0
8228	42.975	201.18	6.09	159.44	0
8229	42.975	199.62	7.89	131.7	0
8230	42.975	199.76	10.79	100.07	0
8231	42.975	199.08	15.03	68.15	0.26
8232	42.975	197.37	21.13	42.46	0.44
8233	42.975	194.52	31.74	23.75	1.55
8234	42.975	185.34	46.52	13.94	1.38
8235	42.975	172.92	67.56	7.81	1.16
8236	42.975	155.09	92.09	4.94	1.54
8237	42.975	129.31	120.58	2.97	1.06
8238	42.975	103.12	147.02	2.01	0.93
8239	42.975	78.35	165.82	1.56	1.47
8240	42.975	54.03	178.12	1.25	2.04
8241	42.975	36.37	185.18	1.22	3.61
8242	42.975	24.88	190.17	0.77	4.61
8243	42.975	16.93	192.56	0.39	6.02
8244	42.975	11.36	194.16	0.31	8.15
8245	42.975	7.86	192.41	0.13	12.52
8246	42.975	5.6	190.27	0	19.24
8247	42.975	3.65	185.02	0	30.5
8248	42.975	2.52	175.76	0	45.97
8249	42.975	1.6	162.51	0	64.87
8250	42.975	0.97	144.95	0	92.43
8251	42.975	0.43	122.3	0	123.41
8252	42.975	0.14	96.92	0	149.66
8253	42.975	0	71.45	0	171.48
8254	42.975	0	49.75	0	185.62
8255	42.975	0	33.49	0.03	192.35
8256	42.975	0	22.69	3.17	193.72
8257	42.975	0	15.5	9.67	186.77
8258	42.975	0	10.89	20.38	175.7
8259	42.975	0	7.67	38.28	158.92
8260	42.975	0	5.55	61.26	137.31
8261	42.975	0	3.97	88.21	112.66
8262	42.975	0	2.81	111.38	87.19
8263	42.975	0	2.24	129.75	67.55
8264	42.975	0	1.93	141	51.31
8265	42.975	0	1.46	148.07	38.96
8266	42.975	0	1.23	152.34	29.15
8267	42.975	0.37	0.91	151.33	22.41
8268	42.975	3.05	0.74	143.83	17.03
8269	42.975	6.62	0.63	132.18	13.11
8270	42.975	11.56	0.64	116.44	9.82
8271	42.975	18.66	0.66	97.22	8.22
8272	42.975	25.56	0.73	77.42	7
8273	42.975	32.68	0.73	60.98	6.37
8274	42.975	40.37	0.69	46.91	5.53
8275	42.975	45.92	0.79	37.93	5.27
8276	42.975	50.42	0.76	29.27	4.75
8277	42.975	52.85	0.71	23.47	4.11
8278	42.975	54.11	0.53	18.76	3.31
8279	42.975	52.83	0.44	14.84	2.78
8280	42.975	48.38	0.37	11.22	2.11
8281	42.975	43.86	0.14	8.45	1.92
8282	42.975	37.76	0.09	5.72	1.13
8283	42.975	30.75	0	3.65	0.89
8284	42.975	25.57	0	2.3	0.5
8285	42.975	21.27	0	0.34	0
8286	42.975	16.5	0	0	0
8287	42.975	14.87	0	0	0
8288	42.975	11.9	0	0	0
8289	42.975	9.05	0	0	0
8290	42.975	8	0	0	0
8291	42.975	6.36	0	0	0
					
					
8192	49.225	60.28	0	0	85.91
8193	49.225	64.56	0	0	87.8
8194	49.225	64.15	0	0	85.51
8195	49.225	72.84	0.22	0	83.85
8196	49.225	81.08	0.73	0	77.07
8197	49.225	87.02	1.38	0	74.34
8198	49.225	99.28	1.81	0	71.9
8199	49.225	112.8	2.43	0	68.27
8200	49.225	126.88	2.78	0	63.68
8201	49.225	141.73	3	0.84	62.42
8202	49.225	149.67	3.57	3	55.2
8203	49.225	161.52	3.58	5.81	53.12
8204	49.225	170.08	3.21	12.78	47.85
8205	49.225	176.2	2.89	22.75	43.33
8206	49.225	177.91	2.1	40.15	39.65
8207	49.225	182.25	1.42	56.96	32.92
8208	49.225	184.62	0.51	81.29	29.37
8209	49.225	186.87	0	104.09	24.11
8210	49.225	187.11	0	118.73	18.61
8211	49.225	188.29	0	129.69	11.42
8212	49.225	189.14	0	135.68	9.2
8213	49.225	187.65	0	139.58	5.8
8214	49.225	188.53	0	139.09	4.36
8215	49.225	187.97	0	141.42	3.66
8216	49.225	187.17	0	143.68	2.84
8217	49.225	188.8	0	149.51	4.76
8218	49.225	188.62	0	158.89	8.78
8219	49.225	189.78	0	171.98	7.16
8220	49.225	190.9	0	185.87	4.79
8221	49.225	190.74	0.36	198.75	1.71
8222	49.225	189.45	0.96	205.17	0.39
8223	49.225	190.73	1.5	210.55	0
8224	49.225	192.55	2.12	213.59	0
8225	49.225	194.52	2.56	212.8	0
8226	49.225	194.6	3.18	204.88	0
8227	49.225	193.06	4.05	189.53	0
8228	49.225	191.9	5.53	168.02	0
8229	49.225	192.19	7.64	136.05	0
8230	49.225	193.34	11.03	98.32	0
8231	49.225	192.71	16.77	60.65	0
8232	49.225	192.3	24.81	33.69	0.14
8233	49.225	189.45	37.81	17.73	0.3
8234	49.225	182.54	56.58	9.12	0.32
8235	49.225	169.05	83.08	5.25	0.07
8236	49.225	149	118.08	3.34	0
8237	49.225	121.56	149.21	2.3	0
8238	49.225	93.58	171.9	1.9	0
8239	49.225	65.43	187.83	1.75	0.49
8240	49.225	42.33	195.35	1.72	1.63
8241	49.225	28.33	198.66	1.46	2.71
8242	49.225	18.48	203.18	1.46	3.17
8243	49.225	12.57	205.91	1.23	4.86
8244	49.225	8.56	205.12	1.06	8.34
8245	49.225	5.94	202.57	0.81	16.03
8246	49.225	3.76	197.99	0.67	27.71
8247	49.225	2.4	189.88	0.49	42.62
8248	49.225	1.47	176.29	0.09	62.49
8249	49.225	0.85	159.83	0	86.88
8250	49.225	0.43	139.81	0	122.69
8251	49.225	0.12	112.8	0	157.31
8252	49.225	0	83.74	0	181.91
8253	49.225	0	59.25	0	198.1
8254	49.225	0	40.23	0	204.16
8255	49.225	0	25.72	1.16	207.46
8256	49.225	0	17.42	5.64	204.18
8257	49.225	0	11.63	15.54	196.55
8258	49.225	0	7.66	33.77	180.97
8259	49.225	0	5.25	60.78	156.84
8260	49.225	0	3.62	92.24	124.87
8261	49.225	0	2.48	122.45	95.04
8262	49.225	0	1.81	142.68	69.17
8263	49.225	0	1.6	157.46	50.29
8264	49.225	0	1.05	165.87	36.81
8265	49.225	0	0.87	168.34	27.76
8266	49.225	0.58	0.48	166.22	20.05
8267	49.225	3.04	0.22	156.81	15.37
8268	49.225	7.13	0.19	141.59	12.16
8269	49.225	13.83	0.11	122.27	9.6
8270	49.225	21.79	0.25	98	7.65
8271	49.225	31.5	0.27	75.64	6.37
8272	49.225	40.86	0.45	55	5.76
8273	49.225	50.07	0.51	40.16	5.11
8274	49.225	57.06	0.65	30.55	4.38
8275	49.225	63.39	0.64	23.01	3.7
8276	49.225	68.69	0.72	18.14	2.94
8277	49.225	71.72	0.65	14.4	2.46
8278	49.225	70.61	0.59	11.61	1.85
8279	49.225	68.01	0.43	8.78	1.33
8280	49.225	62.27	0.31	6.61	0.65
8281	49.225	54.62	0.16	5.17	0.32
8282	49.225	46.2	0	3.55	0.16
8283	49.225	37	0	1.98	0
8284	49.225	29.1	0	0.64	0
8285	49.225	21.93	0	0	0
8286	49.225	17.19	0	0	0
8287	49.225	13	0	0	0
8288	49.225	9.79	0	0	0
8289	49.225	6.2	0	0	0
8290	49.225	4.09	0	0	0
8291	49.225	5.94	0	0	0
					
					
8192	55.475	39.93	0	0	90.05
8193	55.475	47.29	1.15	0	89.75
8194	55.475	51.78	0.4	0	85.22
8195	55.475	52.8	1.28	1.41	86.91
8196	55.475	62.75	1.93	0.83	86.64
8197	55.475	74.26	2.83	0.9	88.16
8198	55.475	88.16	3.68	0.63	89.23
8199	55.475	100.64	4.99	1.18	87.02
8200	55.475	112.65	5.46	0.7	82.66
8201	55.475	124.29	6.16	0.49	76.25
8202	55.475	138.44	6.89	1.76	68.87
8203	55.475	150.95	7.86	4.03	65.03
8204	55.475	159.1	7.57	10.89	53.68
8205	55.475	169.6	7.45	20.67	49.85
8206	55.475	174.39	6.42	37.6	41.64
8207	55.475	177.77	5.17	61.53	40.6
8208	55.475	180.07	3.47	87.96	32.48
8209	55.475	180	1.88	115.29	26.44
8210	55.475	178.91	0.77	134.62	18.43
8211	55.475	180.34	0.05	144.45	15.12
8212	55.475	180.58	0	143.68	10.38
8213	55.475	179.89	0	143.9	7.39
8214	55.475	179.24	0	135.46	5.49
8215	55.475	180.31	0	129.18	5.97
8216	55.475	179.94	0	127.83	9.23
8217	55.475	180.53	0	128.14	13.66
8218	55.475	180.07	0	137.06	21.86
8219	55.475	182.89	0	154.68	25.16
8220	55.475	183.97	0	172.5	22.14
8221	55.475	184.21	0.49	193.69	12.04
8222	55.475	184.22	1.11	204.47	4.52
8223	55.475	184.68	1.71	212.57	1.4
8224	55.475	186.21	2.22	216.69	0.17
8225	55.475	188.76	2.62	214.13	0
8226	55.475	186.81	3.28	202.9	0
8227	55.475	185.35	4.09	186.17	0
8228	55.475	182.05	5.61	163.18	0
8229	55.475	184.41	8.28	127.66	0
8230	55.475	184.76	11.98	92.73	0
8231	55.475	187.6	17.65	55.25	0.16
8232	55.475	190.3	27.03	30.16	0.27
8233	55.475	190.27	41.27	15.77	0.21
8234	55.475	188.58	61.99	8.13	0.1
8235	55.475	181.79	91.8	4.19	0
8236	55.475	162.76	126.15	2.52	0
8237	55.475	137.45	157.6	1.66	0
8238	55.475	105.88	182.6	1.2	0
8239	55.475	75.32	199.01	1.29	0.3
8240	55.475	48.59	204.37	1.11	1.56
8241	55.475	30.76	206.24	1.24	2.69
8242	55.475	19.67	209.99	1.2	3.37
8243	55.475	12.82	211.15	1.07	4.87
8244	55.475	8.31	208.2	0.67	9.06
8245	55.475	5.92	203.84	0.26	17.85
8246	55.475	3.7	197.39	0.2	29.06
8247	55.475	2.56	187.26	0.11	42.78
8248	55.475	1.83	169.17	0	60.11
8249	55.475	1.19	151.81	0	84.29
8250	55.475	0.72	133.02	0	116.78
8251	55.475	0.42	106.45	0	148.3
8252	55.475	0.15	79.22	0	171.6
8253	55.475	0.18	56.81	0	188.43
8254	55.475	0	37.4	0	197.98
8255	55.475	0	24.06	2.47	199.57
8256	55.475	0	15.88	8.76	195.68
8257	55.475	0	10.3	21.38	186.22
8258	55.475	0	6.64	39.97	168.3
8259	55.475	0	4.35	68.32	142.59
8260	55.475	0	3.19	101.21	116.47
8261	55.475	0	2.11	124.14	89.65
8262	55.475	0	1.49	140.36	61.74
8263	55.475	0	1.1	151.41	44.48
8264	55.475	0	0.84	155.68	33.11
8265	55.475	0	0.52	156.45	23.91
8266	55.475	1.4	0.14	151.46	17.57
8267	55.475	4.07	0.02	140.67	13.05
8268	55.475	8.7	0	123.46	9.73
8269	55.475	17.54	0	104.36	7.6
8270	55.475	28.19	0	82.18	6.15
8271	55.475	40.93	0	59.81	5.53
8272	55.475	54.85	0.25	41.41	5.03
8273	55.475	66.33	0.4	30.87	4.36
8274	55.475	77.32	0.35	22.28	3.9
8275	55.475	85.75	0.39	16.89	3.06
8276	55.475	90.02	0.4	12.94	2.52
8277	55.475	92.07	0.25	9.82	1.74
8278	55.475	89.68	0.27	7.5	1.58
8279	55.475	81.36	0.25	5.92	1.05
8280	55.475	71.53	0.02	4.4	0.75
8281	55.475	60.71	0	3.28	0.81
8282	55.475	48.02	0	2.02	0.23
8283	55.475	36.41	0	1.17	0
8284	55.475	26.81	0	0.35	0
8285	55.475	19.8	0	0	0
8286	55.475	14.78	0	0	0
8287	55.475	10.58	0	0	0
8288	55.475	7.96	0	0	0
8289	55.475	6.34	0	0	0
8290	55.475	4.72	0	0	0
8291	55.475	3.87	0	0	0
					
					
8192	61.725	29.4	0.85	3.08	114.01
8193	61.725	35.47	3.04	3.29	111.67
8194	61.725	40.64	2.3	5.27	111.85
8195	61.725	45.25	1.85	7	110.67
8196	61.725	51.35	2.69	8.7	109.25
8197	61.725	56.82	3.54	10.35	109.09
8198	61.725	70.19	4.82	7.6	105.81
8199	61.725	79.58	6.23	5.58	100.11
8200	61.725	91.99	8.22	3.85	93.6
8201	61.725	108.08	10.18	0.89	90.22
8202	61.725	119.13	11.54	0.42	75.4
8203	61.725	129.45	12.74	0.55	72.4
8204	61.725	142.92	14.44	2.89	57.9
8205	61.725	155.04	14.91	12.16	46.49
8206	61.725	161.15	15.34	27.22	38.61
8207	61.725	168.51	12.68	48.71	32.36
8208	61.725	172.57	10.28	77.29	24.67
8209	61.725	173.18	6.69	104.69	11.56
8210	61.725	173	4.45	122.56	11.59
8211	61.725	173.25	2.73	137.5	7.79
8212	61.725	173.56	1.45	137.6	4.8
8213	61.725	174.49	0.44	133.72	3.68
8214	61.725	175.5	0	126.08	3.34
8215	61.725	172.59	0	115.71	6.26
8216	61.725	172.01	0	111.42	13.4
8217	61.725	169.23	0	107.85	26.44
8218	61.725	166.32	0	109.62	44.64
8219	61.725	166.5	0	121.18	58.25
8220	61.725	166.59	0	143.06	56.59
8221	61.725	166.99	0.3	174.99	34.49
8222	61.725	164.17	1.08	198.53	12.03
8223	61.725	165.33	1.94	215.57	4.23
8224	61.725	169.61	2.5	224.15	1.26
8225	61.725	173.75	2.85	221.66	0
8226	61.725	173.79	3.26	212.31	0
8227	61.725	169.21	4.16	193.54	0
8228	61.725	167.37	5.44	164.81	0
8229	61.725	164.45	7.5	128.09	0
8230	61.725	165.33	11.09	89.03	0
8231	61.725	163.99	16.03	49.95	0.53
8232	61.725	168.42	25.32	26.5	0.62
8233	61.725	177.23	40.61	13.01	0.24
8234	61.725	181.62	64.97	6.62	0
8235	61.725	174.85	98.35	3.75	0
8236	61.725	153.81	131.61	2.21	0
8237	61.725	125.2	158.59	1.71	0
8238	61.725	93.71	184.87	1.37	0
8239	61.725	62.14	193.79	1.5	1.39
8240	61.725	40.22	195.08	1.49	2.45
8241	61.725	25.86	200.35	1.4	3.01
8242	61.725	17.25	205.41	1.26	3.79
8243	61.725	11.07	204.79	1.25	6.01
8244	61.725	7.48	198.78	1.04	13.24
8245	61.725	5.33	190.32	0.66	26.2
8246	61.725	3.52	178.1	0.67	40.67
8247	61.725	2.76	154.74	0.34	53.54
8248	61.725	1.92	134.82	0	70.22
8249	61.725	1.54	118.38	0	97.58
8250	61.725	1.11	100.01	0	132.25
8251	61.725	0.76	76.89	0	161.92
8252	61.725	0.58	56	0	184.69
8253	61.725	0.42	37.38	0	196.49
8254	61.725	0.15	23.61	2.19	193.58
8255	61.725	0.09	16.01	7.75	187.73
8256	61.725	0	10.44	18.73	180.96
8257	61.725	0	6.75	38.6	165.47
8258	61.725	0	4.62	65.64	142.4
8259	61.725	0	3.08	96.23	114.66
8260	61.725	0	2.27	126.13	85.23
8261	61.725	0	1.89	146.02	59.2
8262	61.725	0	1.58	156.39	44.13
8263	61.725	0	1.28	164.37	32.36
8264	61.725	0	0.93	161.22	22.87
8265	61.725	0.97	0.43	152.78	16.02
8266	61.725	3.41	0.31	136.9	11.52
8267	61.725	8.2	0.2	118.64	8.47
8268	61.725	16.18	0.1	99.22	6.32
8269	61.725	31.1	0.41	75.41	5.36
8270	61.725	45.9	0.56	53.42	4.78
8271	61.725	61.15	0.66	37.97	4.19
8272	61.725	76.98	0.56	26.53	3.67
8273	61.725	90.1	0.63	17.77	3.09
8274	61.725	104.89	0.6	12.22	1.98
8275	61.725	111.21	0.5	8.44	1.1
8276	61.725	114.63	0.31	6.18	0.54
8277	61.725	113.02	0.2	4.48	0.07
8278	61.725	106.44	0.04	2.67	0
8279	61.725	92.09	0.01	1.82	0
8280	61.725	74.43	0	0.87	0
8281	61.725	58.47	0	0.32	0
8282	61.725	42.6	0	0	0
8283	61.725	29.52	0	0	0
8284	61.725	19.94	0	0	0
8285	61.725	13.38	0.13	0	0
8286	61.725	8.86	0.41	0	0
8287	61.725	6.09	0.67	0	0
8288	61.725	3.61	0.82	0	0
8289	61.725	2.51	1.02	0	0
8290	61.725	1.09	1.64	0	0
8291	61.725	0	2.66	0	0
					
					
8192	67.975	17.12	0	3.6	109.14
8193	67.975	22.12	0	5.38	111.97
8194	67.975	25.91	0	7.19	115.31
8195	67.975	30.76	0	12.79	116.81
8196	67.975	34.11	0	14.05	120.11
8197	67.975	40.2	1.06	23.93	120.46
8198	67.975	40.63	1.89	20.82	116.79
8199	67.975	51.84	3.74	23.45	113.29
8200	67.975	64.35	5.78	22.34	110.85
8201	67.975	69.46	7	20.91	93.96
8202	67.975	79.8	9	13.82	92.48
8203	67.975	90.82	11.36	10.44	81.77
8204	67.975	101.34	14.97	6.73	54.17
8205	67.975	112.47	16.35	6.25	52.94
8206	67.975	120.19	18.53	15.16	43.33
8207	67.975	129.77	18.22	38.4	27.82
8208	67.975	131.7	16.27	55.3	22.77
8209	67.975	134.46	11.92	90.18	14.67
8210	67.975	135	8.57	114.1	8.67
8211	67.975	136.35	5.9	132.73	7.72
8212	67.975	137.06	2.78	136.98	4.11
8213	67.975	139.76	1.92	132.34	3.38
8214	67.975	140.65	0.61	123.01	3.75
8215	67.975	139.79	0	108.19	6.72
8216	67.975	136.11	0	92.93	14.87
8217	67.975	133.72	0	84.33	34.63
8218	67.975	128.01	0	82.32	61.8
8219	67.975	128.03	0	88.41	91.89
8220	67.975	126.67	0	105.29	102.11
8221	67.975	127.05	0.25	133.82	83.82
8222	67.975	121.67	1.11	166.47	34.62
8223	67.975	121.05	2.28	199.63	10.03
8224	67.975	127.23	2.78	220.24	4.8
8225	67.975	137.1	3.46	223.91	0.93
8226	67.975	138.07	3.76	212.52	0
8227	67.975	132.44	4.49	192.6	0
8228	67.975	129.75	5.41	160.36	0
8229	67.975	126.78	7.36	121.14	0
8230	67.975	126.36	10.44	81.38	0.13
8231	67.975	127.58	14.99	48.07	2.11
8232	67.975	131.02	23.34	26.05	2.49
8233	67.975	139.18	38.04	12.62	1.71
8234	67.975	151.87	65.83	6.21	0.33
8235	67.975	150.11	105.08	3.66	0.24
8236	67.975	130.83	136.67	2.66	0.18
8237	67.975	102.59	161.98	1.99	0.1
8238	67.975	73.14	183.51	1.87	0.44
8239	67.975	49.44	189.21	1.73	3.31
8240	67.975	30.11	192.33	1.85	4.53
8241	67.975	18.38	200.43	1.76	4.35
8242	67.975	10.73	203.13	1.66	4.78
8243	67.975	6.79	198.72	1.59	8.9
8244	67.975	4.38	189.32	1.14	21.93
8245	67.975	2.75	176.69	0.74	36.84
8246	67.975	1.68	152.94	0.33	49.43
8247	67.975	1.14	125.24	0.08	65.88
8248	67.975	0.82	109.19	0.09	83.64
8249	67.975	0.49	94.96	0	108.71
8250	67.975	0.26	75.9	0	135.76
8251	67.975	0.29	55.49	0	161.31
8252	67.975	0.28	36.74	0	178.79
8253	67.975	0	23.54	0.86	175.26
8254	67.975	0	15.88	5.84	165.93
8255	67.975	0	10.56	16.03	164.85
8256	67.975	0	6.75	34.38	153.46
8257	67.975	0	4.6	58.52	134.78
8258	67.975	0	3.08	84.85	110.04
8259	67.975	0	2.21	108.76	87.13
8260	67.975	0	1.87	132.72	61.05
8261	67.975	0	1.63	148.53	45.76
8262	67.975	0	1.37	156.28	33.81
8263	67.975	0	0.86	157.36	25.3
8264	67.975	0	0.4	149.27	17.66
8265	67.975	0.45	0.04	129.47	12.4
8266	67.975	2.63	0	111.86	8.71
8267	67.975	8.07	0	93.15	6.55
8268	67.975	18.66	0	73.68	5.65
8269	67.975	34.04	0.05	53.95	5.49
8270	67.975	51.67	0.2	36.18	4.93
8271	67.975	65.37	0.26	24.66	3.95
8272	67.975	79.57	0.27	16.36	3.25
8273	67.975	91.53	0	10.32	2.31
8274	67.975	102.27	0	6.64	1.63
8275	67.975	110.36	0	4.56	1.1
8276	67.975	110.78	0	2.59	0.17
8277	67.975	104.32	0	1.41	0.56
8278	67.975	92.44	0	0.5	0.15
8279	67.975	77.4	0	0.11	0.24
8280	67.975	58.24	0	0	0
8281	67.975	40.78	0	0	0
8282	67.975	27.65	0.24	0	0
8283	67.975	16.49	2.07	0	0
8284	67.975	10.22	3.39	0	0
8285	67.975	6.24	4.64	0	0
8286	67.975	4.17	4.55	0	0
8287	67.975	2.35	5.8	0	0
8288	67.975	1.05	6.61	0	0
8289	67.975	0.3	7.29	0	0
8290	67.975	0.83	7.5	0	0
8291	67.975	0.59	8.98	0	0.4
