Sequence number 0 length 240
Site nummber	Start + 1	Strand	Factor Idx	Energy	Wt Ratio
0	1	+	3	6.81871	0.00109313
1	13	-	6	5.79757	0.00303491
2	61	-	5	4.48348	0.0112941
3	68	+	2	6.66737	0.00127174
4	95	-	7	7.71929	0.000444176
5	105	-	7	4.70159	0.00908082
6	148	-	0	2.77872	0.0621177
7	155	-	3	4.05606	0.0173171
8	163	-	0	3.39296	0.033609
9	175	+	0	5.25973	0.00519672
10	179	+	0	4.2387	0.0144263
11	185	-	1	4.98604	0.00683263
12	186	-	1	6.17427	0.00208232
13	199	+	0	5.26884	0.00514957
14	202	+	2	5.43991	0.00433988
15	204	+	0	4.37898	0.0125381
16	209	+	0	5.33271	0.00483098
17	220	+	0	4.658	0.00948544
18	221	+	0	1.27764	0.278694
19	239	-	0	5.31858	0.00489969
20	240	-	0	3.5764	0.0279762
21	253	+	4	3.7031	0.0246469
22	254	-	0	5.94595	0.00261641
23	261	-	0	6.31685	0.00180563
24	264	+	5	3.73649	0.0238376
25	290	+	6	4.74424	0.00870168
26	308	+	1	0.0571669	0.944436
27	333	-	4	2.71678	0.0660871
28	357	+	3	6.19265	0.0020444
29	383	+	1	2.28608	0.101664
30	417	-	1	1.80475	0.164515
31	437	+	4	1.84814	0.15753
32	461	+	6	5.21604	0.0054288
33	474	-	5	2.00305	0.134923
34	475	+	0	4.45432	0.0116282
35	477	+	0	1.76971	0.170382
36	480	+	3	6.72841	0.00119643
37	481	+	2	5.66525	0.00346428
38	484	+	0	5.3191	0.00489715
39	494	+	7	7.53053	0.000536455
40	499	-	5	2.09165	0.123483
41	502	+	0	5.04453	0.00644446
42	507	+	6	5.22941	0.00535669
43	516	-	7	7.25568	0.00070615
44	536	+	0	3.20275	0.0406501
45	539	+	3	6.62011	0.00133328
46	547	+	0	5.54881	0.00389208
47	552	+	2	6.3899	0.00167843
48	589	-	1	6.18875	0.00205239
49	618	-	0	3.32021	0.0361452
50	619	-	2	3.93682	0.0195102
51	621	-	0	5.97628	0.00253825
52	625	+	5	3.05982	0.0468962
53	626	-	1	5.30807	0.00495148
54	634	-	1	1.65538	0.19102
55	651	+	0	3.96185	0.0190278
56	653	+	0	0.247503	0.780748
57	690	-	5	0.103203	0.901944
58	691	+	0	5.3123	0.00493056
59	693	+	0	0.802849	0.448051
60	697	+	6	5.74685	0.00319281
61	706	-	0	6.06244	0.00232871
62	709	+	5	4.4282	0.0119359
63	727	-	1	6.17274	0.00208551
64	754	-	0	0.0663958	0.93576
65	766	-	0	1.33612	0.262864
66	767	-	0	5.5833	0.00376013
67	767	+	5	3.98291	0.0186314
68	802	+	3	4.79667	0.00825719
69	843	-	2	6.04263	0.0023753
70	849	-	0	5.86665	0.00283233
71	853	-	2	6.23452	0.00196057
72	893	+	5	3.88828	0.0204806
73	901	-	4	3.75954	0.0232946
74	921	+	0	4.77197	0.00846365
75	978	-	5	3.97252	0.0188259
76	1007	-	4	3.58331	0.0277835
77	1058	+	5	4.60212	0.0100306
78	1089	-	5	3.13678	0.0434225
79	1102	-	5	3.42602	0.032516
80	1109	+	3	0.511391	0.599661
81	1145	-	3	0.436892	0.646041
82	1158	-	0	3.05127	0.0472986
83	1159	-	0	5.60537	0.00367804
84	1159	+	5	4.16307	0.0155597
85	1163	-	4	0.720203	0.486653
86	1164	+	1	4.54934	0.0105742
87	1173	-	0	5.55501	0.00386803
88	1174	-	0	2.67056	0.0692136
89	1183	+	0	3.03132	0.048252
90	1183	-	5	3.72195	0.0241868
91	1187	-	1	4.24263	0.0143698
92	1192	+	4	2.56834	0.0766626
93	1211	-	7	5.9074	0.00271925
94	1283	+	1	5.64561	0.00353301
95	1288	-	0	6.04815	0.00236222
96	1295	+	7	4.14256	0.0158822
97	1324	-	6	5.7975	0.00303514
98	1327	-	0	5.90775	0.0027183
99	1341	-	6	5.09495	0.0061276
100	1344	-	0	4.02927	0.0177873
101	1346	-	2	3.9962	0.0183853
102	1414	+	4	3.16115	0.0423769
103	1424	-	3	6.31801	0.00180353
104	1426	-	0	4.4033	0.0122369
105	1427	-	0	4.3369	0.013077
106	1428	-	0	4.3369	0.013077
107	1429	-	0	4.3369	0.013077
108	1430	-	0	4.3369	0.013077
109	1431	-	0	4.3369	0.013077
110	1432	-	0	4.3369	0.013077
111	1433	-	0	4.02758	0.0178174
112	1434	-	0	5.28919	0.00504587
113	1435	-	0	0.309319	0.733946
114	1435	+	5	3.07622	0.0461333
115	1461	-	0	5.35457	0.00472652
116	1473	-	0	6.19327	0.00204313
117	1474	-	2	6.15509	0.00212265
118	1477	-	6	4.37335	0.0126089
119	1482	-	0	5.11134	0.00602798
120	1493	+	3	6.29555	0.0018445
121	1496	+	0	5.80524	0.00301174
122	1501	+	6	3.17547	0.0417746
123	1504	+	0	4.23834	0.0144316
124	1504	-	5	2.33831	0.0964902
125	1505	+	0	2.47597	0.0840812
126	1505	-	5	3.61875	0.0268163
127	1517	+	1	5.51936	0.00400843
128	1530	+	0	4.79538	0.00826783
129	1534	+	0	1.76807	0.170663
130	1581	+	4	3.8369	0.0215604
131	1622	+	6	4.12966	0.0160883
132	1644	+	3	6.72689	0.00119825
133	1647	+	0	5.27734	0.005106
134	1650	+	2	3.82563	0.0218048
135	1652	+	0	4.45228	0.011652
136	1652	+	2	6.66834	0.00127051
137	1654	+	0	0.181107	0.834346
138	1654	-	5	4.61701	0.00988227
139	1655	+	0	4.87017	0.00767203
140	1656	+	0	5.06084	0.0063402
141	1661	+	6	4.91657	0.0073242
142	1667	-	4	3.58331	0.0277835
143	1707	-	5	2.62251	0.0726205
144	1713	-	4	3.7031	0.0246469
145	1819	-	4	3.69382	0.0248767
146	1864	+	6	5.47746	0.00417991
147	1873	+	4	3.62987	0.0265197
148	1976	-	5	4.49318	0.011185
149	1988	+	6	3.36911	0.0344201
150	2017	-	0	6.19661	0.00203632
151	2019	-	2	6.37648	0.00170111
152	2029	-	6	5.86773	0.00282929
153	2039	-	2	6.8583	0.0010507
154	2084	-	7	5.87639	0.00280488
155	2104	-	4	3.03933	0.0478668
156	2127	-	4	3.03933	0.0478668
157	2188	-	2	4.85962	0.00775344
158	2198	-	2	6.05148	0.00235438
159	2203	+	4	1.85497	0.156458
160	2248	-	4	2.56834	0.0766626
161	2249	+	3	6.74834	0.00117283
162	2258	-	3	6.06038	0.00233352
163	2293	+	4	0.720203	0.486653
164	2304	+	7	6.37181	0.00170906
165	2336	-	4	0.720203	0.486653
166	2337	+	1	3.21387	0.0402007
167	2343	-	0	6.00719	0.00246098
168	2351	-	4	3.50549	0.030032
169	2376	-	4	1.73517	0.176369
170	2395	+	6	4.1197	0.0162493
171	2509	-	0	3.86035	0.0210605
172	2514	-	3	5.56627	0.00382471
173	2522	-	0	6.28908	0.00185646
174	2539	-	2	5.20526	0.0054876
175	2551	-	7	5.5785	0.00377823
176	2553	-	7	5.58176	0.00376594
177	2554	+	1	5.83359	0.00292755
178	2566	-	7	4.69341	0.00915545
179	2568	-	3	4.87834	0.00760962
180	2581	-	1	3.26668	0.0381327
181	2617	+	7	7.56703	0.000517224
182	2645	-	1	4.90953	0.00737595
183	2664	-	2	6.78882	0.00112629
184	2764	-	3	6.58357	0.0013829
185	2795	-	7	7.08902	0.000834218
186	2819	-	2	5.95439	0.00259441
187	2819	-	3	6.91019	0.000997572
188	2838	-	0	3.56299	0.0283539
189	2839	-	0	5.69709	0.00335573
190	2840	-	2	6.87758	0.00103064
191	2864	+	4	3.16115	0.0423769
192	2867	-	6	5.11667	0.00599594
193	2875	-	0	2.47597	0.0840812
194	2875	+	5	3.61875	0.0268163
195	2876	-	0	3.92902	0.019663
196	2876	+	5	3.33094	0.0357596
197	2939	+	7	6.84254	0.00106739
198	3011	+	2	5.91598	0.00269602
199	3013	+	0	5.00762	0.00668677
200	3015	+	0	4.95153	0.00707256
201	3022	+	2	6.5645	0.00140952
202	3057	+	0	5.21094	0.00545652
203	3071	-	5	3.40371	0.0332498
204	3103	-	4	0.720203	0.486653
205	3141	-	0	4.4487	0.0116938
206	3146	-	3	6.19656	0.00203642
207	3159	-	0	6.15824	0.00211598
208	3174	-	3	5.92025	0.00268452
209	3179	-	0	4.10468	0.0164953
210	3181	-	0	4.87129	0.00766347
211	3203	+	0	4.7654	0.00851945
212	3262	+	0	5.44205	0.00433062
213	3277	+	0	4.7576	0.00858619
214	3284	+	2	6.85247	0.00105684
215	3310	-	6	2.52293	0.0802245
216	3333	-	3	5.22368	0.00538747
217	3341	-	0	0.794727	0.451704
218	3341	+	5	3.98643	0.0185659
219	3342	-	0	5.86859	0.00282684
220	3346	-	3	6.52114	0.001472
221	3352	-	0	5.37664	0.00462332
222	3355	-	0	4.41756	0.0120636
223	3355	+	5	1.85154	0.156996
224	3420	-	4	1.73517	0.176369
225	3428	+	0	4.7647	0.00852544
226	3462	-	4	2.10172	0.122246
227	3478	-	4	2.10172	0.122246
228	3496	-	4	1.84814	0.15753
229	3514	-	0	2.10897	0.121363
230	3514	+	5	4.37707	0.0125621
231	3518	-	0	4.94339	0.00713041
232	3530	-	4	0	1
233	3536	+	3	6.63371	0.00131528
234	3542	+	3	6.10591	0.00222965
235	3560	-	4	3.10101	0.0450036
236	3609	-	6	4.99316	0.00678418
237	3635	-	4	0	1
238	3636	+	1	4.54829	0.0105853
239	3680	-	4	3.66987	0.0254797
Sequence number 1 length 191
Site nummber	Start + 1	Strand	Factor Idx	Energy	Wt Ratio
0	1	-	3	5.78031	0.00308776
1	9	+	2	6.73216	0.00119196
2	55	-	1	5.08047	0.00621701
3	61	-	0	4.18473	0.0152263
4	62	-	0	5.90866	0.00271583
5	64	-	6	4.91657	0.0073242
6	86	-	6	5.7975	0.00303514
7	87	-	3	6.82121	0.0010904
8	91	-	0	3.8358	0.0215841
9	98	-	0	4.55113	0.0105553
10	100	-	0	4.40646	0.0121983
11	101	+	5	3.69786	0.0247765
12	105	-	3	5.71897	0.00328309
13	163	+	0	5.04991	0.00640992
14	178	+	0	5.51598	0.00402199
15	179	+	0	3.63734	0.0263223
16	182	+	2	6.49585	0.00150969
17	182	+	6	5.49019	0.00412707
18	189	+	6	4.49738	0.0111382
19	210	-	0	5.31193	0.00493242
20	228	-	0	5.26884	0.00514957
21	300	-	0	3.77313	0.0229801
22	359	+	4	1.50891	0.22115
23	372	+	1	5.5787	0.00377747
24	373	+	1	3.99563	0.0183958
25	425	+	4	1.31301	0.269008
26	437	-	0	5.07402	0.00625721
27	437	-	2	6.098	0.00224735
28	442	-	0	5.00072	0.00673309
29	448	-	0	5.87955	0.00279603
30	495	-	0	5.36682	0.00466896
31	507	-	5	4.2423	0.0143744
32	508	+	0	5.77023	0.00311903
33	518	-	0	3.98313	0.0186272
34	519	-	0	6.05248	0.00235203
35	527	+	0	6.18267	0.0020649
36	532	-	4	1.85497	0.156458
37	556	-	4	2.82193	0.0594912
38	576	+	7	4.63983	0.00965938
39	593	+	4	3.7031	0.0246469
40	603	-	4	2.56834	0.0766626
41	604	+	1	6.14253	0.00214949
42	615	-	4	2.03322	0.130914
43	624	+	4	0.788709	0.454431
44	634	-	1	5.39517	0.00453847
45	641	-	0	2.72035	0.0658517
46	642	-	0	2.42305	0.0886504
47	642	-	2	6.79267	0.00112197
48	659	-	3	6.88685	0.00102112
49	664	-	3	6.16328	0.00210533
50	666	-	0	4.4033	0.0122369
51	667	-	0	4.3369	0.013077
52	668	-	0	4.75591	0.00860068
53	669	-	0	6.20617	0.00201694
54	670	-	0	2.36459	0.0939876
55	671	-	0	4.0021	0.0182772
56	687	+	2	5.43288	0.00437049
57	722	-	5	3.6671	0.0255505
58	740	+	0	4.92442	0.00726696
59	745	+	2	6.16024	0.00211176
60	750	+	3	6.15387	0.00212524
61	785	+	7	6.68274	0.00125235
62	859	-	5	2.86426	0.0570255
63	867	+	6	1.07311	0.341943
64	882	+	0	4.96236	0.00699637
65	888	+	0	4.33205	0.0131406
66	888	-	5	3.82267	0.0218693
67	891	+	0	2.10897	0.121363
68	891	-	5	4.37707	0.0125621
69	897	+	6	4.6229	0.00982427
70	903	+	6	5.65142	0.00351253
71	905	+	0	5.90866	0.00271583
72	906	+	0	4.11834	0.0162716
73	909	+	3	6.65208	0.00129134
74	913	+	2	5.75345	0.00317183
75	917	+	0	3.97824	0.0187186
76	935	-	3	6.65414	0.00128868
77	941	-	4	2.56834	0.0766626
78	948	+	4	0.788709	0.454431
79	957	-	2	2.05258	0.128403
80	963	-	5	2.93055	0.0533677
81	983	-	5	2.05504	0.128088
82	1017	-	1	4.9745	0.00691196
83	1041	-	2	5.16898	0.00569035
84	1048	-	2	4.61108	0.00994107
85	1074	-	0	4.77197	0.00846365
86	1081	+	0	3.77313	0.0229801
87	1097	+	6	5.55816	0.00385585
88	1113	+	2	6.41963	0.00162925
89	1130	-	2	2.23381	0.107119
90	1132	+	2	4.83934	0.0079123
91	1143	+	3	5.97017	0.0025538
92	1157	-	0	6.31292	0.00181273
93	1174	-	3	5.47608	0.00418571
94	1200	-	4	3.7031	0.0246469
95	1255	-	5	4.64345	0.00962446
96	1256	+	0	5.29797	0.00500173
97	1260	+	6	4.37335	0.0126089
98	1263	+	0	6.03799	0.00238636
99	1263	-	5	3.63916	0.0262743
100	1264	+	0	3.43443	0.0322439
101	1309	-	5	1.81093	0.163503
102	1310	+	0	4.87333	0.00764783
103	1312	+	0	3.21358	0.0402125
104	1322	+	0	6.03782	0.00238675
105	1337	+	6	1.1989	0.301525
106	1342	-	4	3.10101	0.0450036
107	1344	+	2	4.69211	0.00916732
108	1348	+	0	6.04834	0.00236179
109	1351	+	6	4.5557	0.0105071
110	1357	+	0	4.20935	0.0148559
111	1376	+	0	4.26759	0.0140155
112	1410	-	0	2.66431	0.0696472
113	1410	+	5	4.48027	0.0113303
114	1413	+	5	3.20021	0.0407538
115	1415	-	2	5.61817	0.00363126
116	1437	+	1	5.54145	0.00392085
117	1443	-	0	0.931061	0.394135
118	1443	+	5	4.55189	0.0105473
119	1457	-	0	4.30094	0.0135559
120	1459	-	2	5.69028	0.00337865
121	1471	-	0	4.66268	0.00944108
122	1472	-	0	6.02227	0.00242416
123	1486	-	5	4.22484	0.0146277
124	1500	-	5	4.00722	0.0181839
125	1552	+	6	5.42287	0.00441445
126	1554	+	0	5.66352	0.00347027
127	1554	+	2	6.48206	0.00153065
128	1556	+	0	0.975834	0.376878
129	1556	-	5	4.5346	0.0107312
130	1581	+	0	1.35007	0.259221
131	1581	-	5	4.08963	0.0167454
132	1593	-	3	6.25031	0.00192987
133	1598	-	0	6.00975	0.00245469
134	1601	-	0	5.8562	0.00286211
135	1613	-	3	6.64124	0.00130541
136	1622	-	4	1.50891	0.22115
137	1630	-	0	5.85724	0.00285911
138	1634	-	0	4.4157	0.0120861
139	1671	+	6	5.18164	0.00561879
140	1677	+	1	5.85791	0.0028572
141	1678	+	1	5.68165	0.00340791
142	1692	+	1	6.22744	0.00197451
143	1696	-	0	5.87184	0.0028177
144	1709	-	6	3.35187	0.0350187
145	1714	-	0	4.91379	0.00734457
146	1728	-	3	5.25608	0.00521573
147	1744	-	3	4.8771	0.00761905
148	1753	-	6	5.88294	0.00278659
149	1798	+	2	6.6188	0.00133503
150	1805	-	1	4.21845	0.0147215
151	1838	-	0	5.36264	0.00468852
152	1841	-	0	4.02273	0.0179041
153	1864	+	0	5.36033	0.00469934
154	1884	-	0	6.32406	0.00179265
155	1889	-	2	6.53317	0.00145439
156	1891	+	2	6.13197	0.00217229
157	1915	-	0	5.60866	0.00366596
158	1918	+	5	3.97252	0.0188259
159	1929	+	0	5.29394	0.00502194
160	1930	+	0	3.69582	0.0248271
161	1952	-	5	4.54688	0.0106002
162	1961	+	0	4.87704	0.00761951
163	1962	+	0	3.63655	0.026343
164	1979	+	6	4.7822	0.00837751
165	1992	-	3	5.96999	0.00255426
166	1996	-	6	3.95	0.0192547
167	2000	-	0	2.35499	0.0948941
168	2002	-	0	3.92105	0.0198203
169	2002	-	2	3.79064	0.0225812
170	2010	-	0	4.23646	0.0144588
171	2010	+	5	1.30337	0.271616
172	2032	+	6	4.99902	0.00674453
173	2035	-	5	0.103203	0.901944
174	2036	+	0	5.3787	0.00461382
175	2084	+	0	2.50342	0.0818047
176	2107	-	6	3.82195	0.021885
177	2164	-	3	5.21384	0.00544075
178	2200	+	0	4.7143	0.00896613
179	2218	+	6	5.63551	0.00356887
180	2251	-	0	5.73688	0.00322482
181	2252	-	0	5.90866	0.00271583
182	2253	-	2	3.83908	0.0215133
183	2272	+	4	3.16952	0.0420238
184	2284	-	0	2.79877	0.0608849
185	2284	-	2	6.84438	0.00106542
186	2327	-	0	4.68796	0.00920549
187	2342	+	7	6.12728	0.00218251
188	2385	+	7	7.56703	0.000517224
189	2520	+	0	5.00762	0.00668677
190	2522	+	0	4.78531	0.00835151
Sequence number 2 length 293
Site nummber	Start + 1	Strand	Factor Idx	Energy	Wt Ratio
0	17	+	4	3.16798	0.0420886
1	20	+	1	5.87125	0.00281935
2	65	+	7	7.32103	0.000661482
3	95	+	6	4.79143	0.00830057
4	105	+	0	6.32644	0.00178838
5	107	+	0	0.975834	0.376878
6	107	-	5	4.5346	0.0107312
7	123	+	0	5.69126	0.00337534
8	124	+	0	4.95684	0.00703516
9	137	+	2	4.38547	0.0124571
10	144	+	0	4.39844	0.0122965
11	155	+	7	7.11144	0.000815719
12	269	+	0	5.75829	0.0031565
13	363	-	4	3.16952	0.0420238
14	363	+	6	5.63609	0.0035668
15	369	-	7	7.39652	0.000613381
16	446	+	5	4.13833	0.0159495
17	450	+	7	4.20713	0.014889
18	500	+	4	1.73517	0.176369
19	519	-	3	4.78694	0.00833792
20	559	+	2	6.80548	0.00110769
21	576	-	4	3.82804	0.0217522
22	618	-	4	1.31301	0.269008
23	621	-	2	5.04251	0.00645753
24	628	+	4	2.56834	0.0766626
25	668	+	3	6.7329	0.00119107
26	680	-	0	6.24825	0.00193383
27	680	-	2	5.35434	0.00472759
28	682	+	2	6.14787	0.00213803
29	708	-	4	1.31301	0.269008
30	728	-	3	6.43405	0.00160593
31	740	-	3	6.0029	0.00247157
32	742	+	1	5.66995	0.00344805
33	783	-	4	3.04819	0.0474448
34	791	+	4	2.03322	0.130914
35	820	+	7	3.21253	0.0402548
36	827	+	7	6.10081	0.00224105
37	853	-	0	6.26336	0.00190483
38	858	-	3	6.40538	0.00165264
39	864	-	4	2.56834	0.0766626
40	886	-	4	0	1
41	887	+	1	2.00194	0.135073
42	926	-	3	5.80526	0.00301167
43	968	+	4	3.43699	0.0321615
44	989	-	0	4.3503	0.0129029
45	1001	+	5	3.03482	0.0480834
46	1008	+	4	0.720203	0.486653
47	1033	+	1	1.57804	0.206378
48	1041	-	4	2.82193	0.0594912
49	1051	+	3	6.41936	0.0016297
50	1051	+	4	2.56834	0.0766626
51	1149	-	7	6.29732	0.00184124
52	1166	-	0	3.5229	0.0295138
53	1169	-	0	4.08617	0.0168035
54	1169	+	5	2.664	0.0696691
55	1170	+	5	3.94005	0.0194473
56	1181	+	4	1.50891	0.22115
57	1183	+	5	3.43867	0.0321073
58	1226	-	1	5.71208	0.0033058
59	1265	-	4	3.58331	0.0277835
60	1281	-	7	1.83045	0.160341
61	1326	+	3	4.12114	0.016226
62	1397	-	4	0	1
63	1404	+	6	3.64411	0.0261447
64	1410	-	4	3.7473	0.0235813
65	1411	+	1	3.93075	0.0196289
66	1428	+	7	4.7044	0.00905533
67	1445	-	3	4.39535	0.0123346
68	1451	-	0	4.60421	0.0100097
69	1452	-	0	4.78765	0.00833204
70	1520	+	2	5.16696	0.00570185
71	1522	+	0	3.44675	0.0318489
72	1523	+	0	2.95889	0.0518767
73	1525	+	3	4.21801	0.0147279
74	1541	-	7	6.8128	0.00109961
75	1576	-	6	3.80569	0.0222439
76	1582	-	0	5.07203	0.0062697
77	1584	-	2	3.45628	0.031547
78	1602	+	2	4.11654	0.0163008
79	1655	-	3	5.60531	0.00367829
80	1792	+	3	4.58938	0.0101591
81	1920	-	1	4.65393	0.00952407
82	1971	-	0	5.2144	0.00543772
83	2095	+	0	5.92327	0.00267642
84	2099	+	3	6.01546	0.00244074
85	2138	+	2	6.1807	0.00206897
86	2160	-	7	7.53344	0.000534896
87	2223	+	4	3.35705	0.0348379
88	2242	+	4	2.56834	0.0766626
89	2244	-	0	5.71866	0.0032841
90	2244	+	5	1.49059	0.225241
91	2256	-	3	6.8116	0.00110093
92	2277	+	0	5.58039	0.00377108
93	2312	-	0	6.0025	0.00247257
94	2312	-	2	6.5873	0.00137775
95	2319	-	4	3.58331	0.0277835
96	2370	-	3	4.8434	0.00788025
97	2378	+	5	3.0824	0.0458489
98	2432	-	5	3.65948	0.0257459
99	2438	+	6	3.29167	0.0371918
100	2444	+	3	5.1564	0.00576238
101	2448	+	2	5.61633	0.00363798
102	2473	-	2	5.8022	0.00302091
103	2475	+	2	3.12694	0.0438517
104	2592	-	1	5.42046	0.00442509
105	2636	+	4	2.03322	0.130914
106	2638	+	5	2.89363	0.0553748
107	2718	-	0	6.3489	0.00174868
108	2733	-	0	3.88053	0.0206398
109	2738	-	3	6.66093	0.00127996
110	2767	-	0	5.89453	0.00275448
111	2812	+	7	1.13216	0.322338
112	2828	-	7	6.02129	0.00242653
113	2907	+	6	5.45724	0.00426529
114	2913	-	4	1.84814	0.15753
115	2945	-	3	4.92467	0.00726512
116	2988	+	0	5.26884	0.00514957
117	2993	+	0	5.07472	0.00625282
118	3051	-	0	5.36628	0.00467146
119	3052	-	0	3.76564	0.0231529
120	3058	+	4	3.82804	0.0217522
121	3118	-	4	1.73517	0.176369
122	3121	+	1	5.72765	0.0032547
123	3197	+	4	0.788709	0.454431
124	3243	-	0	6.06126	0.00233146
125	3245	-	2	6.88172	0.00102638
126	3251	-	4	3.62987	0.0265197
127	3268	-	0	1.33612	0.262864
128	3269	-	0	4.85497	0.00778957
129	3278	+	0	4.0624	0.0172077
130	3303	+	0	4.94339	0.00713041
131	3324	+	2	6.79026	0.00112467
132	3423	-	1	4.77247	0.00845942
133	3424	-	1	3.92479	0.0197462
134	3427	+	6	5.88143	0.00279079
135	3459	-	4	3.7473	0.0235813
136	3465	-	4	1.84814	0.15753
137	3465	+	6	5.17602	0.00565043
138	3466	+	3	6.5239	0.00146793
139	3482	+	1	2.7009	0.0671453
140	3487	-	0	4.10734	0.0164515
141	3488	-	0	5.8107	0.00299534
142	3488	+	5	4.2905	0.0136981
143	3493	-	1	5.9983	0.00248297
144	3502	-	1	5.56311	0.00383681
145	3508	-	5	2.26835	0.103482
146	3514	+	2	4.90648	0.00739845
147	3514	+	6	4.7224	0.00889383
148	3522	+	1	3.04847	0.0474313
149	3523	+	1	3.38876	0.0337506
150	3545	-	6	5.79618	0.00303914
151	3551	-	0	4.18426	0.0152335
152	3573	-	5	3.83653	0.0215684
153	3576	+	0	4.4764	0.0113743
154	3578	+	0	5.57327	0.00379802
155	3611	+	1	2.57968	0.0757981
156	3616	-	0	5.37016	0.00465337
157	3617	-	0	4.3369	0.013077
158	3618	-	0	6.38728	0.00168283
159	3620	-	0	1.70869	0.181102
160	3621	-	0	5.41031	0.00447023
161	3653	+	5	1.83472	0.159658
162	3663	+	0	5.41031	0.00447023
163	3664	+	0	1.77509	0.169468
164	3669	+	3	4.99613	0.00676404
165	3682	+	5	3.77683	0.0228952
166	3730	+	2	1.39906	0.246829
167	3734	+	0	5.73149	0.00324225
168	3734	-	5	2.54883	0.0781729
169	3752	-	0	1.33612	0.262864
170	3753	-	0	5.5833	0.00376013
171	3753	+	5	3.98291	0.0186314
172	3754	-	2	5.07866	0.00622826
173	3777	-	4	3.78888	0.022621
174	3794	+	7	7.70792	0.000449253
175	3803	+	1	2.11131	0.121079
176	3829	+	2	2.16681	0.114543
177	3832	+	0	6.06621	0.00231994
178	3833	+	0	0.621742	0.537008
179	3839	-	7	6.35621	0.00173594
180	3860	-	1	4.31058	0.0134257
181	3876	-	2	4.43818	0.0118174
182	3900	+	5	4.2515	0.0142429
183	3935	+	5	3.92826	0.0196779
184	3942	-	0	4.93973	0.00715654
185	3943	+	5	0	1
186	3952	-	3	6.90814	0.000999612
187	3957	-	0	0.621742	0.537008
188	3958	-	0	6.37553	0.00170271
189	3959	-	0	6.3441	0.00175707
190	3959	-	2	2.18619	0.112344
191	3966	-	0	4.4033	0.0122369
192	3967	-	0	4.75591	0.00860068
193	3968	-	0	3.84648	0.0213549
194	3969	-	0	2.65395	0.0703724
195	3970	-	0	2.73237	0.0650646
196	3983	-	6	5.05572	0.0063728
197	3986	-	0	6.23511	0.00195941
198	4006	+	1	3.767	0.0231214
199	4012	-	6	2.91367	0.054276
200	4018	-	6	4.71722	0.00894001
201	4034	-	0	5.06732	0.00629927
202	4036	-	0	4.87333	0.00764783
203	4036	-	2	4.73036	0.00882331
204	4037	+	5	1.81093	0.163503
205	4048	-	3	6.90519	0.00100256
206	4173	-	4	0.720203	0.486653
207	4182	-	0	3.99934	0.0183278
208	4195	+	4	0	1
209	4207	+	4	0	1
210	4215	+	4	3.62987	0.0265197
211	4228	-	0	0.931061	0.394135
212	4228	+	5	4.55189	0.0105473
213	4229	-	0	5.53294	0.00395434
214	4230	-	2	4.76403	0.00853117
215	4258	-	0	3.7581	0.023328
216	4262	-	0	6.01439	0.00244333
217	4278	-	4	2.38081	0.0924757
218	4300	+	0	5.62737	0.00359802
219	4323	-	2	6.7511	0.00116959
220	4351	+	4	1.84814	0.15753
221	4370	+	0	6.01551	0.00244061
222	4375	-	4	3.16115	0.0423769
223	4400	+	4	2.71678	0.0660871
224	4474	-	6	5.02164	0.00659367
225	4502	+	6	4.63191	0.00973611
226	4511	+	3	5.7606	0.00314921
227	4511	+	6	5.65142	0.00351253
228	4544	-	7	6.40962	0.00164564
229	4556	+	6	3.57119	0.0281223
230	4561	-	1	3.30795	0.0365912
231	4562	-	1	4.54154	0.0106569
232	4607	+	3	4.70459	0.00905358
233	4615	+	6	3.59667	0.0274147
234	4680	+	7	7.0596	0.00085912
235	4685	-	5	4.45071	0.0116703
236	4745	+	5	2.87785	0.0562555
237	4757	+	0	5.00404	0.00671077
238	4762	-	1	5.48918	0.00413122
239	4787	-	1	4.88701	0.00754397
240	4820	-	3	4.15868	0.0156281
241	4841	+	2	6.86035	0.00104855
242	4842	-	7	6.58885	0.00137562
243	4904	-	1	3.0307	0.0482818
244	4909	+	4	3.58331	0.0277835
245	4911	+	2	5.48405	0.00415247
246	4916	+	3	6.04758	0.00236359
247	4922	+	2	4.96729	0.006962
248	4926	+	0	3.74828	0.0235583
249	4933	-	1	4.04769	0.0174627
250	4938	+	4	2.56834	0.0766626
251	4953	+	2	5.27085	0.00513922
252	4981	+	0	3.52232	0.0295308
253	4991	-	6	5.27317	0.00512731
254	4994	-	0	2.47712	0.0839845
255	5012	+	6	5.03087	0.00653312
256	5018	+	3	6.76377	0.00115487
257	5050	+	1	1.14309	0.318832
258	5100	+	6	4.39822	0.0122992
259	5112	-	4	2.63685	0.0715866
260	5112	+	6	3.25777	0.038474
261	5123	+	1	2.76383	0.0630499
262	5124	+	1	4.17705	0.0153437
263	5130	-	6	5.13354	0.00589564
264	5131	+	1	5.25167	0.00523874
265	5137	-	6	3.36435	0.0345843
266	5148	-	7	4.23139	0.0145322
267	5187	-	3	6.65556	0.00128685
268	5230	+	4	3.7031	0.0246469
269	5231	-	0	5.92388	0.00267481
270	5273	+	4	3.16798	0.0420886
271	5296	+	7	4.7798	0.00839768
272	5303	-	4	0.788709	0.454431
273	5304	+	1	6.00163	0.00247472
274	5336	-	0	4.67839	0.00929396
275	5337	-	2	6.68453	0.0012501
276	5337	+	5	4.58938	0.0101592
277	5367	+	1	6.2088	0.00201165
278	5424	-	3	6.02372	0.00242065
279	5434	+	5	4.02943	0.0177845
280	5444	-	4	0.788709	0.454431
281	5445	+	1	6.21078	0.00200767
282	5508	+	2	6.4341	0.00160585
283	5515	+	0	6.0361	0.00239086
284	5515	-	5	2.60422	0.0739611
285	5524	-	5	3.20021	0.0407538
286	5525	+	2	6.23149	0.00196652
287	5527	+	0	1.04577	0.35142
288	5527	+	2	6.37657	0.00170095
289	5527	-	5	3.72759	0.0240507
290	5528	+	0	5.30914	0.00494617
291	5529	+	0	6.38728	0.00168283
292	5530	+	0	5.95544	0.0025917
Sequence number 3 length 163
Site nummber	Start + 1	Strand	Factor Idx	Energy	Wt Ratio
0	1	+	6	4.58571	0.0101966
1	8	-	2	6.21164	0.00200594
2	15	-	4	1.31301	0.269008
3	19	-	6	4.33088	0.0131559
4	55	-	3	6.81651	0.00109553
5	110	+	7	7.6011	0.0004999
6	116	-	0	2.00597	0.134529
7	117	-	0	5.994	0.00249367
8	130	+	4	2.82193	0.0594912
9	139	-	2	6.66801	0.00127093
10	146	+	4	0.788709	0.454431
11	155	+	4	3.16798	0.0420886
12	165	+	4	3.66987	0.0254797
13	176	+	4	1.73517	0.176369
14	265	-	4	2.63685	0.0715866
15	265	+	6	4.36825	0.0126734
16	280	+	0	6.04696	0.00236503
17	310	+	4	2.56834	0.0766626
18	315	+	3	5.10157	0.0060872
19	356	+	0	5.40449	0.00449632
20	386	-	3	6.83662	0.00107372
21	413	+	5	3.904	0.0201612
22	433	-	6	5.37474	0.00463214
23	447	-	6	4.82716	0.0080092
24	470	-	0	2.17389	0.113735
25	472	-	2	2.8269	0.059196
26	474	+	2	6.75045	0.00117035
27	496	-	6	1.1989	0.301525
28	501	-	0	4.12941	0.0160923
29	503	-	0	4.16708	0.0154975
30	506	+	5	4.19445	0.0150791
31	576	-	0	5.4366	0.00435428
32	579	+	1	5.75347	0.00317175
33	580	+	1	3.22804	0.0396353
34	592	+	0	6.13865	0.00215784
35	592	-	5	4.08611	0.0168044
36	593	+	0	3.32723	0.0358922
37	635	-	3	2.90824	0.0545719
38	640	-	0	6.02701	0.00241271
39	677	-	0	4.76572	0.00851674
40	679	-	0	4.45432	0.0116282
41	680	+	5	1.01043	0.364063
42	702	-	6	4.10348	0.0165151
43	707	+	5	1.09903	0.333194
44	719	-	7	6.78953	0.00112549
45	755	-	6	5.91459	0.00269978
46	760	-	0	1.33612	0.262864
47	761	-	0	5.5833	0.00376013
48	761	+	5	3.98291	0.0186314
49	787	-	4	0.788709	0.454431
50	787	+	6	5.55908	0.00385231
51	801	-	2	5.94059	0.00263047
52	803	+	2	6.50917	0.00148971
53	808	-	4	3.03933	0.0478668
54	822	+	4	3.8369	0.0215604
55	829	-	4	2.10172	0.122246
56	838	+	4	3.16798	0.0420886
57	850	-	5	3.6671	0.0255505
58	856	+	5	4.57381	0.0103186
59	888	-	0	5.30914	0.00494617
60	889	-	0	1.04577	0.35142
61	889	-	2	6.23149	0.00196652
62	889	+	5	3.72759	0.0240507
63	892	-	0	4.41756	0.0120636
64	892	+	5	1.85154	0.156996
65	898	-	0	5.92377	0.00267509
66	924	+	7	7.41387	0.00060283
67	929	+	0	5.14026	0.00585615
68	930	+	0	0.794727	0.451704
69	930	-	5	3.98643	0.0185659
70	940	-	4	1.50891	0.22115
71	949	+	4	0.720203	0.486653
72	959	+	4	0.720203	0.486653
73	973	-	3	2.64404	0.0710734
74	981	-	0	3.13911	0.0433215
75	982	-	0	4.54374	0.0106336
76	986	-	3	6.68459	0.00125003
77	989	+	1	6.04561	0.00236823
78	1024	+	1	3.22946	0.0395787
79	1025	+	1	5.70189	0.00333964
80	1031	-	6	5.83979	0.00290945
81	1070	-	0	2.6072	0.0737406
82	1070	-	2	5.41394	0.00445406
83	1100	-	0	1.76971	0.170382
84	1102	-	0	4.45432	0.0116282
85	1103	+	5	2.00305	0.134923
86	1114	+	0	2.12068	0.11995
87	1115	+	0	4.1558	0.0156733
88	1116	+	0	4.75591	0.00860068
89	1117	+	0	4.3369	0.013077
90	1118	+	0	4.3369	0.013077
91	1119	+	0	4.3369	0.013077
92	1120	+	0	4.3369	0.013077
93	1121	+	0	4.3369	0.013077
94	1122	+	0	4.3369	0.013077
95	1123	+	0	4.3369	0.013077
96	1124	+	0	4.3369	0.013077
97	1125	+	0	4.3369	0.013077
98	1126	+	0	4.4033	0.0122369
99	1140	+	0	4.10012	0.0165707
100	1140	-	5	0.737906	0.478114
101	1143	+	0	4.48976	0.0112233
102	1146	+	3	6.10828	0.00222438
103	1156	+	4	3.03933	0.0478668
104	1158	+	0	5.97986	0.00252917
105	1160	+	0	4.78531	0.00835151
106	1178	-	4	3.82804	0.0217522
107	1181	+	0	2.79877	0.0608849
108	1222	-	2	3.78815	0.0226374
109	1224	-	6	5.8615	0.00284696
110	1227	-	0	4.6604	0.00946265
111	1228	-	0	5.82695	0.00294706
112	1228	+	5	2.97509	0.051043
113	1231	-	6	0	1
114	1236	-	0	3.94831	0.0192873
115	1244	+	1	4.23774	0.0144402
116	1249	-	0	4.99511	0.00677095
117	1251	-	2	4.75904	0.00857383
118	1258	-	0	2.00597	0.134529
119	1259	-	0	3.6343	0.0264024
120	1260	-	3	6.15176	0.00212973
121	1262	+	1	6.09118	0.00226275
122	1267	-	0	4.84228	0.00788905
123	1269	-	0	5.85368	0.00286933
124	1291	+	2	5.49458	0.00410898
125	1305	+	6	1.39237	0.248487
126	1329	+	6	4.3365	0.0130822
127	1338	-	1	5.41565	0.00444644
128	1344	-	0	5.36264	0.00468852
129	1347	-	0	5.55031	0.00388624
130	1373	+	4	3.26147	0.0383319
131	1393	-	0	4.54279	0.0106437
132	1393	-	2	6.06301	0.00232738
133	1398	-	2	6.12532	0.00218679
134	1401	+	5	4.09794	0.0166068
135	1426	+	0	4.32098	0.0132868
136	1431	+	6	1.11047	0.329403
137	1447	+	1	4.34401	0.0129844
138	1456	+	3	5.85289	0.00287159
139	1464	+	6	4.24858	0.0142846
140	1478	-	7	6.72083	0.00120553
141	1486	+	2	6.64244	0.00130384
142	1487	+	0	6.28872	0.00185714
143	1487	-	5	3.68698	0.0250475
144	1488	+	0	1.44271	0.236287
145	1488	-	5	3.08517	0.0457221
146	1489	+	0	6.17939	0.00207168
147	1492	+	3	6.71102	0.00121742
148	1507	+	0	5.88101	0.00279195
149	1511	+	3	6.11369	0.00221236
150	1515	+	6	3.84781	0.0213265
151	1525	+	4	2.10172	0.122246
152	1575	-	4	3.58331	0.0277835
153	1609	+	0	4.70047	0.00909105
154	1672	+	3	6.68234	0.00125285
155	1693	+	7	6.84254	0.00106739
156	1707	-	1	5.97699	0.00253645
157	1722	-	3	6.54555	0.0014365
158	1724	-	0	5.07402	0.00625721
159	1802	+	7	6.43949	0.00159722
160	1923	-	4	2.64367	0.0710995
161	1923	+	6	2.95321	0.0521719
162	1928	-	1	4.0976	0.0166125
 chisq = 2511042.691758127883 wpgp = 0.141584797601     penalty = 513090.083638319047     rms = 27.208157093576     aik-2k = 22411.058116982429
