Sequence number 0 length 242
Site nummber	Start + 1	Strand	Factor Idx	Energy	Wt Ratio
0	1	+	3	6.81871	0.00109313
1	13	-	6	5.79757	0.00303491
2	61	-	5	4.48348	0.0112941
3	68	+	2	6.66737	0.00127174
4	95	-	7	7.71929	0.000444176
5	105	-	7	4.70159	0.00908082
6	148	-	0	2.77872	0.0621177
7	155	-	3	4.05606	0.0173171
8	163	-	0	1.76159	0.171771
9	163	+	5	3.14753	0.042958
10	164	-	0	5.86859	0.00282684
11	175	+	0	5.25973	0.00519672
12	179	+	0	4.2387	0.0144263
13	185	-	1	4.98604	0.00683263
14	186	-	1	6.17427	0.00208232
15	199	+	0	5.26884	0.00514957
16	202	+	2	5.43991	0.00433988
17	204	+	0	4.37898	0.0125381
18	209	+	0	5.33271	0.00483098
19	220	+	0	4.658	0.00948544
20	221	+	0	1.27764	0.278694
21	239	-	0	5.31858	0.00489969
22	240	-	0	3.5764	0.0279762
23	253	+	4	3.7031	0.0246469
24	254	-	0	5.94595	0.00261641
25	261	-	0	6.31685	0.00180563
26	264	+	5	3.73649	0.0238376
27	290	+	6	4.74424	0.00870168
28	308	+	1	0.0571669	0.944436
29	333	-	4	2.71678	0.0660871
30	357	+	3	6.19265	0.0020444
31	383	+	1	2.28608	0.101664
32	417	-	1	1.80475	0.164515
33	437	+	4	1.84814	0.15753
34	461	+	6	5.21604	0.0054288
35	474	-	5	2.00305	0.134923
36	475	+	0	4.45432	0.0116282
37	477	+	0	1.76971	0.170382
38	480	+	3	6.72841	0.00119643
39	481	+	2	5.66525	0.00346428
40	484	+	0	5.3191	0.00489715
41	494	+	7	7.53053	0.000536455
42	499	-	5	2.09165	0.123483
43	502	+	0	5.04453	0.00644446
44	507	+	6	5.22941	0.00535669
45	516	-	7	7.25568	0.00070615
46	536	+	0	3.20275	0.0406501
47	539	+	3	6.62011	0.00133328
48	547	+	0	5.54881	0.00389208
49	552	+	2	6.3899	0.00167843
50	589	-	1	6.18875	0.00205239
51	618	-	0	3.32021	0.0361452
52	619	-	2	3.93682	0.0195102
53	621	-	0	5.97628	0.00253825
54	625	+	5	3.05982	0.0468962
55	626	-	1	5.30807	0.00495148
56	634	-	1	1.65538	0.19102
57	651	+	0	3.96185	0.0190278
58	653	+	0	0.247503	0.780748
59	690	-	5	0.103203	0.901944
60	691	+	0	5.3123	0.00493056
61	693	+	0	0.802849	0.448051
62	697	+	6	5.74685	0.00319281
63	706	-	0	6.06244	0.00232871
64	709	+	5	4.4282	0.0119359
65	727	-	1	6.17274	0.00208551
66	754	-	0	0.0663958	0.93576
67	766	-	0	1.33612	0.262864
68	767	-	0	5.5833	0.00376013
69	767	+	5	3.98291	0.0186314
70	802	+	3	4.79667	0.00825719
71	843	-	2	6.04263	0.0023753
72	849	-	0	5.86665	0.00283233
73	853	-	2	6.23452	0.00196057
74	893	+	5	3.88828	0.0204806
75	901	-	4	3.75954	0.0232946
76	921	+	0	4.77197	0.00846365
77	978	-	5	3.97252	0.0188259
78	1007	-	4	3.58331	0.0277835
79	1058	+	5	4.60212	0.0100306
80	1089	-	5	3.13678	0.0434225
81	1102	-	5	3.42602	0.032516
82	1109	+	3	0.511391	0.599661
83	1145	-	3	0.436892	0.646041
84	1158	-	0	3.05127	0.0472986
85	1159	-	0	5.60537	0.00367804
86	1159	+	5	4.16307	0.0155597
87	1163	-	4	0.720203	0.486653
88	1164	+	1	4.54934	0.0105742
89	1173	-	0	5.55501	0.00386803
90	1174	-	0	2.67056	0.0692136
91	1183	+	0	3.03132	0.048252
92	1183	-	5	3.72195	0.0241868
93	1187	-	1	4.24263	0.0143698
94	1192	+	4	2.56834	0.0766626
95	1211	-	7	5.9074	0.00271925
96	1283	+	1	5.64561	0.00353301
97	1288	-	0	6.04815	0.00236222
98	1295	+	7	4.14256	0.0158822
99	1324	-	6	5.7975	0.00303514
100	1327	-	0	5.90775	0.0027183
101	1341	-	6	5.09495	0.0061276
102	1344	-	0	4.02927	0.0177873
103	1346	-	2	3.9962	0.0183853
104	1414	+	4	3.16115	0.0423769
105	1424	-	3	6.31801	0.00180353
106	1426	-	0	4.4033	0.0122369
107	1427	-	0	4.3369	0.013077
108	1428	-	0	4.3369	0.013077
109	1429	-	0	4.3369	0.013077
110	1430	-	0	4.3369	0.013077
111	1431	-	0	4.3369	0.013077
112	1432	-	0	4.3369	0.013077
113	1433	-	0	4.02758	0.0178174
114	1434	-	0	5.28919	0.00504587
115	1435	-	0	0.309319	0.733946
116	1435	+	5	3.07622	0.0461333
117	1461	-	0	5.35457	0.00472652
118	1473	-	0	6.19327	0.00204313
119	1474	-	2	6.15509	0.00212265
120	1477	-	6	4.37335	0.0126089
121	1482	-	0	5.11134	0.00602798
122	1493	+	3	6.29555	0.0018445
123	1496	+	0	5.80524	0.00301174
124	1501	+	6	3.17547	0.0417746
125	1504	+	0	4.23834	0.0144316
126	1504	-	5	2.33831	0.0964902
127	1505	+	0	2.47597	0.0840812
128	1505	-	5	3.61875	0.0268163
129	1517	+	1	5.51936	0.00400843
130	1530	+	0	4.79538	0.00826783
131	1534	+	0	1.76807	0.170663
132	1581	+	4	3.8369	0.0215604
133	1622	+	6	4.12966	0.0160883
134	1644	+	3	6.72689	0.00119825
135	1647	+	0	5.27734	0.005106
136	1650	+	2	3.82563	0.0218048
137	1652	+	0	4.45228	0.011652
138	1652	+	2	6.66834	0.00127051
139	1654	+	0	0.181107	0.834346
140	1654	-	5	4.61701	0.00988227
141	1655	+	0	4.87017	0.00767203
142	1656	+	0	5.06084	0.0063402
143	1661	+	6	4.91657	0.0073242
144	1667	-	4	3.58331	0.0277835
145	1707	-	5	2.62251	0.0726205
146	1713	-	4	3.7031	0.0246469
147	1819	-	4	3.69382	0.0248767
148	1864	+	6	5.47746	0.00417991
149	1873	+	4	3.62987	0.0265197
150	1976	-	5	4.49318	0.011185
151	1988	+	6	3.36911	0.0344201
152	2017	-	0	6.19661	0.00203632
153	2019	-	2	6.37648	0.00170111
154	2029	-	6	5.86773	0.00282929
155	2039	-	2	6.8583	0.0010507
156	2084	-	7	5.87639	0.00280488
157	2104	-	4	3.03933	0.0478668
158	2127	-	4	3.03933	0.0478668
159	2188	-	2	4.85962	0.00775344
160	2198	-	2	6.05148	0.00235438
161	2203	+	4	1.85497	0.156458
162	2248	-	4	2.56834	0.0766626
163	2249	+	3	6.74834	0.00117283
164	2258	-	3	6.06038	0.00233352
165	2293	+	4	0.720203	0.486653
166	2304	+	7	6.37181	0.00170906
167	2336	-	4	0.720203	0.486653
168	2337	+	1	3.21387	0.0402007
169	2343	-	0	6.00719	0.00246098
170	2351	-	4	3.50549	0.030032
171	2376	-	4	1.73517	0.176369
172	2395	+	6	4.1197	0.0162493
173	2509	-	0	3.86035	0.0210605
174	2514	-	3	5.56627	0.00382471
175	2522	-	0	6.28908	0.00185646
176	2539	-	2	5.20526	0.0054876
177	2551	-	7	5.5785	0.00377823
178	2553	-	7	5.58176	0.00376594
179	2554	+	1	5.83359	0.00292755
180	2566	-	7	4.69341	0.00915545
181	2568	-	3	4.87834	0.00760962
182	2581	-	1	3.26668	0.0381327
183	2617	+	7	7.56703	0.000517224
184	2645	-	1	4.90953	0.00737595
185	2664	-	2	6.78882	0.00112629
186	2764	-	3	6.58357	0.0013829
187	2795	-	7	7.08902	0.000834218
188	2819	-	2	5.95439	0.00259441
189	2819	-	3	6.91019	0.000997572
190	2838	-	0	3.56299	0.0283539
191	2839	-	0	5.69709	0.00335573
192	2840	-	2	6.87758	0.00103064
193	2864	+	4	3.16115	0.0423769
194	2867	-	6	5.11667	0.00599594
195	2875	-	0	2.47597	0.0840812
196	2875	+	5	3.61875	0.0268163
197	2876	-	0	3.92902	0.019663
198	2876	+	5	3.33094	0.0357596
199	2939	+	7	6.84254	0.00106739
200	3011	+	2	5.91598	0.00269602
201	3013	+	0	5.00762	0.00668677
202	3015	+	0	4.95153	0.00707256
203	3022	+	2	6.5645	0.00140952
204	3057	+	0	5.21094	0.00545652
205	3071	-	5	3.40371	0.0332498
206	3103	-	4	0.720203	0.486653
207	3141	-	0	4.4487	0.0116938
208	3146	-	3	6.19656	0.00203642
209	3159	-	0	6.15824	0.00211598
210	3174	-	3	5.92025	0.00268452
211	3179	-	0	4.10468	0.0164953
212	3181	-	0	4.87129	0.00766347
213	3203	+	0	4.7654	0.00851945
214	3262	+	0	5.44205	0.00433062
215	3277	+	0	4.7576	0.00858619
216	3284	+	2	6.85247	0.00105684
217	3310	-	6	2.52293	0.0802245
218	3333	-	3	5.22368	0.00538747
219	3341	-	0	0.794727	0.451704
220	3341	+	5	3.98643	0.0185659
221	3342	-	0	5.86859	0.00282684
222	3346	-	3	6.52114	0.001472
223	3352	-	0	5.37664	0.00462332
224	3355	-	0	4.41756	0.0120636
225	3355	+	5	1.85154	0.156996
226	3420	-	4	1.73517	0.176369
227	3428	+	0	4.7647	0.00852544
228	3462	-	4	2.10172	0.122246
229	3478	-	4	2.10172	0.122246
230	3496	-	4	1.84814	0.15753
231	3514	-	0	2.10897	0.121363
232	3514	+	5	4.37707	0.0125621
233	3518	-	0	4.94339	0.00713041
234	3530	-	4	0	1
235	3536	+	3	6.63371	0.00131528
236	3542	+	3	6.10591	0.00222965
237	3560	-	4	3.10101	0.0450036
238	3609	-	6	4.99316	0.00678418
239	3635	-	4	0	1
240	3636	+	1	4.54829	0.0105853
241	3680	-	4	3.66987	0.0254797
Sequence number 1 length 190
Site nummber	Start + 1	Strand	Factor Idx	Energy	Wt Ratio
0	1	-	3	5.78031	0.00308776
1	9	+	2	6.73216	0.00119196
2	55	-	1	5.08047	0.00621701
3	61	-	0	4.18473	0.0152263
4	62	-	0	5.90866	0.00271583
5	64	-	6	4.91657	0.0073242
6	86	-	6	5.7975	0.00303514
7	87	-	3	6.82121	0.0010904
8	91	-	0	3.8358	0.0215841
9	98	-	0	4.55113	0.0105553
10	100	-	0	4.40646	0.0121983
11	101	+	5	3.69786	0.0247765
12	105	-	3	5.71897	0.00328309
13	163	+	0	5.04991	0.00640992
14	178	+	0	5.51598	0.00402199
15	179	+	0	3.63734	0.0263223
16	182	+	2	6.49585	0.00150969
17	182	+	6	5.49019	0.00412707
18	189	+	6	4.49738	0.0111382
19	210	-	0	5.31193	0.00493242
20	228	-	0	5.26884	0.00514957
21	300	-	0	3.77313	0.0229801
22	359	+	4	1.50891	0.22115
23	372	+	1	5.5787	0.00377747
24	373	+	1	3.99563	0.0183958
25	425	+	4	1.31301	0.269008
26	437	-	0	5.07402	0.00625721
27	437	-	2	6.098	0.00224735
28	442	-	0	5.00072	0.00673309
29	448	-	0	5.87955	0.00279603
30	495	-	0	5.36682	0.00466896
31	507	-	5	4.2423	0.0143744
32	508	+	0	5.77023	0.00311903
33	518	-	0	3.98313	0.0186272
34	519	-	0	6.05248	0.00235203
35	527	+	0	6.18267	0.0020649
36	532	-	4	1.85497	0.156458
37	556	-	4	2.82193	0.0594912
38	576	+	7	4.63983	0.00965938
39	593	+	4	3.7031	0.0246469
40	603	-	4	2.56834	0.0766626
41	604	+	1	6.14253	0.00214949
42	615	-	4	2.03322	0.130914
43	624	+	4	0.788709	0.454431
44	641	-	0	2.72035	0.0658517
45	642	-	0	2.42305	0.0886504
46	642	-	2	6.79267	0.00112197
47	659	-	3	6.88685	0.00102112
48	664	-	3	6.16328	0.00210533
49	666	-	0	4.4033	0.0122369
50	667	-	0	4.3369	0.013077
51	668	-	0	4.75591	0.00860068
52	669	-	0	6.20617	0.00201694
53	670	-	0	2.36459	0.0939876
54	671	-	0	4.0021	0.0182772
55	687	+	2	5.43288	0.00437049
56	722	-	5	3.6671	0.0255505
57	740	+	0	4.92442	0.00726696
58	745	+	2	6.16024	0.00211176
59	750	+	3	6.15387	0.00212524
60	785	+	7	6.68274	0.00125235
61	859	-	5	2.86426	0.0570255
62	867	+	6	1.07311	0.341943
63	882	+	0	4.96236	0.00699637
64	888	+	0	4.33205	0.0131406
65	888	-	5	3.82267	0.0218693
66	891	+	0	2.10897	0.121363
67	891	-	5	4.37707	0.0125621
68	897	+	6	4.6229	0.00982427
69	903	+	6	5.65142	0.00351253
70	905	+	0	5.90866	0.00271583
71	906	+	0	4.11834	0.0162716
72	909	+	3	6.65208	0.00129134
73	913	+	2	5.75345	0.00317183
74	917	+	0	3.97824	0.0187186
75	935	-	3	6.65414	0.00128868
76	941	-	4	2.56834	0.0766626
77	948	+	4	0.788709	0.454431
78	957	-	2	2.05258	0.128403
79	963	-	5	2.93055	0.0533677
80	983	-	5	2.05504	0.128088
81	1017	-	1	4.9745	0.00691196
82	1041	-	2	5.16898	0.00569035
83	1048	-	2	4.61108	0.00994107
84	1074	-	0	4.77197	0.00846365
85	1081	+	0	3.77313	0.0229801
86	1097	+	6	5.55816	0.00385585
87	1113	+	2	6.41963	0.00162925
88	1130	-	2	2.23381	0.107119
89	1132	+	2	4.83934	0.0079123
90	1143	+	3	5.97017	0.0025538
91	1157	-	0	6.31292	0.00181273
92	1174	-	3	5.47608	0.00418571
93	1200	-	4	3.7031	0.0246469
94	1255	-	5	4.64345	0.00962446
95	1256	+	0	5.29797	0.00500173
96	1260	+	6	4.37335	0.0126089
97	1263	+	0	6.03799	0.00238636
98	1263	-	5	3.63916	0.0262743
99	1264	+	0	3.43443	0.0322439
100	1309	-	5	1.81093	0.163503
101	1310	+	0	4.87333	0.00764783
102	1312	+	0	3.21358	0.0402125
103	1322	+	0	6.03782	0.00238675
104	1337	+	6	1.1989	0.301525
105	1342	-	4	3.10101	0.0450036
106	1344	+	2	4.69211	0.00916732
107	1348	+	0	6.04834	0.00236179
108	1351	+	6	4.5557	0.0105071
109	1357	+	0	4.20935	0.0148559
110	1376	+	0	4.26759	0.0140155
111	1410	-	0	2.66431	0.0696472
112	1410	+	5	4.48027	0.0113303
113	1413	+	5	3.20021	0.0407538
114	1415	-	2	5.61817	0.00363126
115	1437	+	1	5.54145	0.00392085
116	1443	-	0	0.931061	0.394135
117	1443	+	5	4.55189	0.0105473
118	1457	-	0	4.30094	0.0135559
119	1459	-	2	5.69028	0.00337865
120	1471	-	0	4.66268	0.00944108
121	1472	-	0	6.02227	0.00242416
122	1486	-	5	4.22484	0.0146277
123	1500	-	5	4.00722	0.0181839
124	1552	+	6	5.42287	0.00441445
125	1554	+	0	5.66352	0.00347027
126	1554	+	2	6.48206	0.00153065
127	1556	+	0	0.975834	0.376878
128	1556	-	5	4.5346	0.0107312
129	1581	+	0	1.35007	0.259221
130	1581	-	5	4.08963	0.0167454
131	1593	-	3	6.25031	0.00192987
132	1598	-	0	6.00975	0.00245469
133	1601	-	0	5.8562	0.00286211
134	1613	-	3	6.64124	0.00130541
135	1622	-	4	1.50891	0.22115
136	1630	-	0	5.85724	0.00285911
137	1634	-	0	4.4157	0.0120861
138	1671	+	6	5.18164	0.00561879
139	1677	+	1	5.85791	0.0028572
140	1678	+	1	5.68165	0.00340791
141	1692	+	1	6.22744	0.00197451
142	1696	-	0	5.87184	0.0028177
143	1709	-	6	3.35187	0.0350187
144	1714	-	0	4.91379	0.00734457
145	1728	-	3	5.25608	0.00521573
146	1744	-	3	4.8771	0.00761905
147	1753	-	6	5.88294	0.00278659
148	1798	+	2	6.6188	0.00133503
149	1805	-	1	4.21845	0.0147215
150	1838	-	0	5.36264	0.00468852
151	1841	-	0	4.02273	0.0179041
152	1864	+	0	5.36033	0.00469934
153	1884	-	0	6.32406	0.00179265
154	1889	-	2	6.53317	0.00145439
155	1891	+	2	6.13197	0.00217229
156	1915	-	0	5.60866	0.00366596
157	1918	+	5	3.97252	0.0188259
158	1929	+	0	5.29394	0.00502194
159	1930	+	0	3.69582	0.0248271
160	1952	-	5	4.54688	0.0106002
161	1961	+	0	4.87704	0.00761951
162	1962	+	0	3.63655	0.026343
163	1979	+	6	4.7822	0.00837751
164	1992	-	3	5.96999	0.00255426
165	1996	-	6	3.95	0.0192547
166	2000	-	0	2.35499	0.0948941
167	2002	-	0	3.92105	0.0198203
168	2002	-	2	3.79064	0.0225812
169	2010	-	0	4.23646	0.0144588
170	2010	+	5	1.30337	0.271616
171	2032	+	6	4.99902	0.00674453
172	2035	-	5	0.103203	0.901944
173	2036	+	0	5.3787	0.00461382
174	2084	+	0	2.50342	0.0818047
175	2107	-	6	3.82195	0.021885
176	2164	-	3	5.21384	0.00544075
177	2200	+	0	4.7143	0.00896613
178	2218	+	6	5.63551	0.00356887
179	2251	-	0	5.73688	0.00322482
180	2252	-	0	5.90866	0.00271583
181	2253	-	2	3.83908	0.0215133
182	2272	+	4	3.16952	0.0420238
183	2284	-	0	2.79877	0.0608849
184	2284	-	2	6.84438	0.00106542
185	2327	-	0	4.68796	0.00920549
186	2342	+	7	6.12728	0.00218251
187	2385	+	7	7.56703	0.000517224
188	2520	+	0	5.00762	0.00668677
189	2522	+	0	4.78531	0.00835151
Sequence number 2 length 272
Site nummber	Start + 1	Strand	Factor Idx	Energy	Wt Ratio
0	17	+	4	3.16798	0.0420886
1	20	+	1	5.87125	0.00281935
2	107	+	0	1.9427	0.143316
3	107	-	5	3.6957	0.02483
4	123	+	0	4.97688	0.00689553
5	124	+	0	5.68517	0.00339597
6	137	+	2	2.62355	0.0725448
7	144	+	0	4.39844	0.0122965
8	155	+	7	7.11144	0.000815719
9	173	-	1	6.21533	0.00199856
10	269	+	0	5.15817	0.0057522
11	363	+	6	4.53037	0.0107767
12	369	-	7	6.70317	0.00122701
13	446	+	5	4.13833	0.0159495
14	450	+	7	4.20713	0.014889
15	500	+	4	1.73517	0.176369
16	519	-	3	4.78694	0.00833792
17	562	+	0	6.19327	0.00204313
18	576	-	4	3.82804	0.0217522
19	621	-	2	3.98401	0.0186108
20	628	+	4	2.56834	0.0766626
21	668	+	3	5.08302	0.00620115
22	680	-	0	6.31465	0.0018096
23	680	-	2	6.26265	0.00190619
24	682	+	2	6.14787	0.00213803
25	708	-	4	1.31301	0.269008
26	728	-	3	6.43405	0.00160593
27	740	-	3	6.0029	0.00247157
28	742	+	1	5.66995	0.00344805
29	791	+	4	2.03322	0.130914
30	797	+	0	6.21963	0.00198999
31	798	+	0	6.34888	0.0017487
32	820	+	7	7.50152	0.000552245
33	853	-	0	6.26336	0.00190483
34	886	-	4	0	1
35	887	+	1	2.00194	0.135073
36	926	-	3	5.80526	0.00301167
37	968	+	4	3.43699	0.0321615
38	989	-	0	4.3503	0.0129029
39	1001	+	5	3.6546	0.0258717
40	1008	+	4	0.720203	0.486653
41	1033	+	1	1.57804	0.206378
42	1041	-	4	2.82193	0.0594912
43	1051	+	3	6.41936	0.0016297
44	1051	+	4	2.56834	0.0766626
45	1149	-	7	6.29732	0.00184124
46	1166	-	0	2.96755	0.0514292
47	1169	-	0	4.556	0.010504
48	1181	+	4	1.50891	0.22115
49	1183	+	5	3.43867	0.0321073
50	1196	+	2	6.00255	0.00247244
51	1226	-	1	5.71208	0.0033058
52	1265	-	4	3.58331	0.0277835
53	1281	-	7	1.83045	0.160341
54	1326	+	3	4.12114	0.016226
55	1397	-	4	0	1
56	1404	+	6	3.64411	0.0261447
57	1410	-	4	3.7473	0.0235813
58	1411	+	1	3.93075	0.0196289
59	1428	+	7	4.7044	0.00905533
60	1445	-	3	5.68905	0.0033828
61	1451	-	0	4.60421	0.0100097
62	1452	-	0	4.78765	0.00833204
63	1453	-	3	5.38623	0.00457921
64	1522	-	5	4.05486	0.017338
65	1525	+	0	5.02996	0.00653907
66	1582	-	0	5.07203	0.0062697
67	1584	-	2	3.45628	0.031547
68	1598	+	6	4.40966	0.0121593
69	1602	+	2	4.84282	0.00788478
70	1686	+	4	1.84814	0.15753
71	1729	-	3	6.7838	0.00113197
72	1820	-	4	3.16798	0.0420886
73	1857	+	2	6.87726	0.00103097
74	1920	-	1	4.65393	0.00952407
75	1971	-	0	5.2144	0.00543772
76	2095	+	0	5.92327	0.00267642
77	2099	+	3	2.61482	0.0731808
78	2126	-	4	2.38081	0.0924757
79	2138	+	2	6.1807	0.00206897
80	2160	-	7	7.53344	0.000534896
81	2223	+	4	3.35705	0.0348379
82	2242	+	4	2.56834	0.0766626
83	2244	-	0	5.71866	0.0032841
84	2244	+	5	1.49059	0.225241
85	2256	-	3	4.27199	0.013954
86	2312	-	0	6.0025	0.00247257
87	2312	-	2	6.5873	0.00137775
88	2319	-	4	3.58331	0.0277835
89	2342	-	3	6.08545	0.00227574
90	2349	+	4	3.69382	0.0248767
91	2370	-	3	4.8434	0.00788025
92	2378	+	5	3.0824	0.0458489
93	2432	-	5	3.65948	0.0257459
94	2438	+	6	3.29167	0.0371918
95	2444	+	3	5.1564	0.00576238
96	2448	+	2	5.61633	0.00363798
97	2473	-	2	5.8022	0.00302091
98	2475	+	2	3.12694	0.0438517
99	2589	+	0	6.28873	0.00185712
100	2636	+	4	2.03322	0.130914
101	2638	+	5	2.89363	0.0553748
102	2718	-	0	6.3489	0.00174868
103	2733	-	0	3.88053	0.0206398
104	2738	-	3	6.66093	0.00127996
105	2767	-	0	5.89453	0.00275448
106	2812	+	7	1.13216	0.322338
107	2830	-	7	6.34186	0.00176102
108	2907	+	6	5.45724	0.00426529
109	2913	-	4	1.84814	0.15753
110	2945	-	3	4.92467	0.00726512
111	2969	-	6	4.99461	0.00677436
112	2988	+	0	5.26884	0.00514957
113	3037	-	3	6.91304	0.00099473
114	3058	+	4	3.82804	0.0217522
115	3064	-	5	4.56974	0.0103607
116	3110	+	7	7.60514	0.000497888
117	3118	-	4	1.73517	0.176369
118	3197	+	4	0.788709	0.454431
119	3243	-	0	6.36286	0.00172442
120	3245	-	2	6.88172	0.00102638
121	3251	-	4	3.62987	0.0265197
122	3268	-	0	1.33612	0.262864
123	3269	-	0	4.85497	0.00778957
124	3278	+	0	4.0624	0.0172077
125	3303	+	0	4.94339	0.00713041
126	3330	+	4	3.26853	0.0380623
127	3404	+	4	3.75954	0.0232946
128	3423	-	1	4.77247	0.00845942
129	3424	-	1	3.92479	0.0197462
130	3427	+	6	5.88143	0.00279079
131	3439	-	7	7.0494	0.00086793
132	3459	-	4	3.7473	0.0235813
133	3465	-	4	1.84814	0.15753
134	3465	+	6	5.17602	0.00565043
135	3466	+	3	6.5239	0.00146793
136	3475	-	7	6.3907	0.00167708
137	3482	+	1	5.24125	0.00529366
138	3487	-	0	2.47597	0.0840812
139	3487	+	5	3.61875	0.0268163
140	3488	-	0	4.65735	0.00949158
141	3488	+	5	1.87606	0.153193
142	3502	-	1	5.56311	0.00383681
143	3508	-	5	4.34269	0.0130015
144	3514	+	2	4.90648	0.00739845
145	3514	+	6	4.7224	0.00889383
146	3522	+	1	3.04847	0.0474313
147	3523	+	1	3.38876	0.0337506
148	3551	-	0	4.18426	0.0152335
149	3573	-	5	3.83653	0.0215684
150	3576	+	0	4.4764	0.0113743
151	3578	+	0	5.57327	0.00379802
152	3597	+	7	7.20385	0.000743717
153	3620	-	0	1.77509	0.169468
154	3621	-	0	5.41031	0.00447023
155	3653	+	5	1.83472	0.159658
156	3663	+	0	5.41031	0.00447023
157	3664	+	0	1.77509	0.169468
158	3669	+	3	4.99613	0.00676404
159	3682	+	5	3.77683	0.0228952
160	3709	-	0	6.29156	0.00185186
161	3730	+	2	1.39906	0.246829
162	3734	+	0	5.73149	0.00324225
163	3734	-	5	2.54883	0.0781729
164	3752	-	0	4.90733	0.00739218
165	3754	-	2	6.73367	0.00119016
166	3777	-	4	3.78888	0.022621
167	3794	+	7	7.70792	0.000449253
168	3803	+	1	2.11131	0.121079
169	3829	+	2	3.41153	0.0329908
170	3833	+	0	4.5103	0.0109952
171	3860	-	1	5.07144	0.00627339
172	3876	-	2	3.60288	0.0272452
173	3900	+	5	4.2515	0.0142429
174	3943	+	5	2.72606	0.0654766
175	3957	-	0	0.802849	0.448051
176	3959	-	0	3.92105	0.0198203
177	3959	-	2	3.79064	0.0225812
178	3966	-	0	4.4033	0.0122369
179	3967	-	0	4.75591	0.00860068
180	3968	-	0	3.84648	0.0213549
181	3969	-	0	1.92562	0.145785
182	3970	-	0	3.44675	0.0318489
183	3983	-	6	5.05572	0.0063728
184	3986	-	0	6.23511	0.00195941
185	4006	+	1	3.767	0.0231214
186	4012	-	6	2.91367	0.054276
187	4018	-	6	4.71722	0.00894001
188	4034	-	0	5.06732	0.00629927
189	4036	-	0	4.87333	0.00764783
190	4036	-	2	4.73036	0.00882331
191	4037	+	5	1.81093	0.163503
192	4048	-	3	5.75401	0.00317004
193	4173	-	4	0	1
194	4182	-	0	3.99934	0.0183278
195	4195	+	4	0	1
196	4207	+	4	0	1
197	4215	+	4	3.62987	0.0265197
198	4228	-	0	0.931061	0.394135
199	4228	+	5	4.55189	0.0105473
200	4229	-	0	5.53294	0.00395434
201	4230	-	2	4.76403	0.00853117
202	4258	-	0	3.57699	0.0279596
203	4278	-	4	2.38081	0.0924757
204	4300	+	0	5.62737	0.00359802
205	4323	-	2	6.7511	0.00116959
206	4351	+	4	1.31301	0.269008
207	4353	+	2	5.52934	0.0039686
208	4375	-	4	3.16115	0.0423769
209	4400	+	4	2.71678	0.0660871
210	4474	-	6	5.02164	0.00659367
211	4502	+	6	4.63191	0.00973611
212	4511	+	3	5.7606	0.00314921
213	4511	+	6	5.65142	0.00351253
214	4544	-	7	6.40962	0.00164564
215	4565	+	0	6.13023	0.00217608
216	4601	+	6	4.72412	0.00887856
217	4607	+	3	4.70459	0.00905358
218	4615	+	6	3.59667	0.0274147
219	4680	+	7	7.0596	0.00085912
220	4685	-	5	4.45071	0.0116703
221	4745	+	5	2.87785	0.0562555
222	4757	+	0	6.0373	0.00238799
223	4761	-	1	4.8466	0.00785505
224	4775	+	2	6.40056	0.00166063
225	4787	-	1	4.88701	0.00754397
226	4820	-	3	4.72381	0.00888125
227	4841	+	2	6.86035	0.00104855
228	4842	-	7	6.58885	0.00137562
229	4904	-	1	3.0307	0.0482818
230	4909	+	4	3.58331	0.0277835
231	4911	+	2	5.48405	0.00415247
232	4918	+	0	5.0949	0.00612791
233	4918	+	3	5.91181	0.00270729
234	4922	+	2	6.7292	0.00119548
235	4926	+	0	4.0576	0.0172905
236	4933	-	1	4.04769	0.0174627
237	4938	+	4	2.56834	0.0766626
238	4981	+	0	3.52232	0.0295308
239	4991	-	6	5.27317	0.00512731
240	4994	-	0	2.47712	0.0839845
241	5012	+	6	5.03087	0.00653312
242	5018	+	3	6.76377	0.00115487
243	5039	+	1	5.25474	0.00522268
244	5050	+	1	2.16008	0.115316
245	5100	+	6	4.39822	0.0122992
246	5112	-	4	2.63685	0.0715866
247	5112	+	6	3.25777	0.038474
248	5123	+	1	2.76383	0.0630499
249	5124	+	1	4.17705	0.0153437
250	5130	-	6	5.13354	0.00589564
251	5131	+	1	5.25167	0.00523874
252	5137	-	6	3.36435	0.0345843
253	5148	-	7	4.23139	0.0145322
254	5187	-	3	5.68856	0.00338446
255	5230	+	4	1.84814	0.15753
256	5274	-	0	6.09214	0.00226057
257	5305	+	7	7.06389	0.000855443
258	5336	-	0	4.67839	0.00929396
259	5337	-	2	6.68453	0.0012501
260	5337	+	5	4.58938	0.0101592
261	5444	-	4	0.788709	0.454431
262	5445	+	1	6.21078	0.00200767
263	5515	-	5	1.86631	0.154693
264	5524	-	5	3.20021	0.0407538
265	5525	+	2	6.23149	0.00196652
266	5527	+	0	1.04577	0.35142
267	5527	+	2	6.37657	0.00170095
268	5527	-	5	3.72759	0.0240507
269	5528	+	0	5.30914	0.00494617
270	5529	+	0	6.38728	0.00168283
271	5530	+	0	5.95544	0.0025917
Sequence number 3 length 148
Site nummber	Start + 1	Strand	Factor Idx	Energy	Wt Ratio
0	8	-	2	6.21164	0.00200594
1	15	-	4	1.31301	0.269008
2	19	-	6	4.33088	0.0131559
3	55	-	3	6.81651	0.00109553
4	110	+	7	7.6011	0.0004999
5	116	-	0	1.58696	0.204546
6	117	-	0	6.17511	0.00208059
7	130	+	4	2.82193	0.0594912
8	139	-	2	6.66801	0.00127093
9	146	+	4	0.788709	0.454431
10	155	+	4	3.16798	0.0420886
11	165	+	4	3.66987	0.0254797
12	265	-	4	2.63685	0.0715866
13	265	+	6	4.36825	0.0126734
14	280	+	0	6.04696	0.00236503
15	310	+	4	2.56834	0.0766626
16	362	+	2	5.99909	0.002481
17	413	+	5	3.904	0.0201612
18	433	-	6	5.82855	0.00294234
19	447	-	6	4.82716	0.0080092
20	451	-	2	6.08815	0.00226961
21	470	-	0	2.17389	0.113735
22	472	-	2	5.16916	0.00568933
23	496	-	6	1.1989	0.301525
24	501	-	0	4.12941	0.0160923
25	503	-	0	4.70035	0.00909212
26	504	+	5	3.91778	0.0198852
27	579	+	1	5.56454	0.00383135
28	583	-	0	4.95684	0.00703516
29	584	-	0	6.11027	0.00221995
30	592	+	0	6.13865	0.00215784
31	592	-	5	4.08611	0.0168044
32	593	+	0	3.32723	0.0358922
33	677	-	0	4.76572	0.00851674
34	679	-	0	4.45432	0.0116282
35	680	+	5	1.01043	0.364063
36	702	-	6	4.10348	0.0165151
37	707	+	5	1.09903	0.333194
38	719	-	7	6.78953	0.00112549
39	755	-	6	5.91459	0.00269978
40	760	-	0	1.33612	0.262864
41	761	-	0	5.5833	0.00376013
42	761	+	5	3.98291	0.0186314
43	787	-	4	0.788709	0.454431
44	787	+	6	5.55908	0.00385231
45	801	-	2	5.94059	0.00263047
46	803	+	2	6.50917	0.00148971
47	808	-	4	3.03933	0.0478668
48	822	+	4	3.8369	0.0215604
49	829	-	4	2.10172	0.122246
50	838	+	4	3.16798	0.0420886
51	850	-	5	3.6671	0.0255505
52	856	+	5	4.57381	0.0103186
53	879	-	3	6.89679	0.00101102
54	888	-	0	5.30914	0.00494617
55	889	-	0	1.04577	0.35142
56	889	-	2	6.23149	0.00196652
57	889	+	5	3.72759	0.0240507
58	892	-	0	4.41756	0.0120636
59	892	+	5	1.85154	0.156996
60	898	-	0	5.92377	0.00267509
61	929	+	0	5.14026	0.00585615
62	930	+	0	0.794727	0.451704
63	930	-	5	3.98643	0.0185659
64	940	-	4	1.50891	0.22115
65	949	+	4	0.720203	0.486653
66	959	+	4	0.720203	0.486653
67	973	-	3	3.86529	0.0209569
68	981	-	0	3.13911	0.0433215
69	982	-	0	4.54374	0.0106336
70	1015	+	0	5.96722	0.00256135
71	1016	+	0	5.24051	0.00529754
72	1024	+	1	2.59677	0.0745139
73	1025	+	1	2.45221	0.0861034
74	1031	-	6	5.83979	0.00290945
75	1070	-	0	2.6072	0.0737406
76	1070	-	2	5.41394	0.00445406
77	1099	-	0	5.38624	0.00457916
78	1100	-	0	4.19277	0.0151044
79	1103	+	5	4.143	0.0158752
80	1114	+	0	6.26127	0.00190881
81	1115	+	0	0.864665	0.421193
82	1115	-	5	3.17942	0.0416097
83	1116	+	0	5.72815	0.00325308
84	1117	+	0	6.38728	0.00168283
85	1118	+	0	4.3369	0.013077
86	1119	+	0	4.3369	0.013077
87	1120	+	0	4.3369	0.013077
88	1121	+	0	4.3369	0.013077
89	1122	+	0	4.3369	0.013077
90	1123	+	0	4.3369	0.013077
91	1124	+	0	4.3369	0.013077
92	1125	+	0	4.3369	0.013077
93	1126	+	0	4.4033	0.0122369
94	1140	+	0	4.10012	0.0165707
95	1140	-	5	0.737906	0.478114
96	1143	+	0	4.48976	0.0112233
97	1156	+	4	3.26853	0.0380623
98	1178	-	4	3.82804	0.0217522
99	1181	+	0	2.79877	0.0608849
100	1222	-	2	3.78815	0.0226374
101	1224	-	6	5.8615	0.00284696
102	1227	-	0	4.6604	0.00946265
103	1228	-	0	5.82695	0.00294706
104	1228	+	5	2.97509	0.051043
105	1231	-	6	0	1
106	1236	-	0	3.94831	0.0192873
107	1244	+	1	4.23774	0.0144402
108	1249	-	0	4.99511	0.00677095
109	1251	-	2	4.75904	0.00857383
110	1258	-	0	2.00597	0.134529
111	1259	-	0	3.6343	0.0264024
112	1267	+	5	4.44589	0.0117267
113	1291	+	2	5.95278	0.0025986
114	1305	+	6	4.72783	0.00884567
115	1318	+	1	4.88514	0.0075581
116	1329	+	6	4.3365	0.0130822
117	1338	-	1	5.41565	0.00444644
118	1344	-	0	5.36264	0.00468852
119	1347	-	0	4.57807	0.0102747
120	1350	+	5	4.10788	0.0164426
121	1360	+	6	5.71151	0.00330766
122	1373	+	4	3.26147	0.0383319
123	1387	-	6	3.78927	0.022612
124	1393	-	0	4.4764	0.0113743
125	1393	-	2	5.15471	0.00577218
126	1398	-	2	6.12532	0.00218679
127	1401	+	5	4.09794	0.0166068
128	1426	+	0	4.32098	0.0132868
129	1431	+	6	1.11047	0.329403
130	1450	-	7	4.73091	0.00881847
131	1456	+	3	5.85289	0.00287159
132	1464	+	6	4.24858	0.0142846
133	1472	-	7	6.0751	0.00229942
134	1478	-	7	7.07071	0.000849633
135	1487	+	0	6.35511	0.00173784
136	1488	+	0	4.69638	0.00912825
137	1492	+	3	6.10977	0.00222107
138	1507	+	0	5.88101	0.00279195
139	1525	+	4	2.10172	0.122246
140	1544	+	7	5.8978	0.00274549
141	1609	+	0	4.70047	0.00909105
142	1672	+	3	6.68234	0.00125285
143	1802	+	7	6.43949	0.00159722
144	1849	-	0	5.98202	0.00252372
145	1923	-	4	1.85497	0.156458
146	1948	+	0	5.67172	0.00344195
147	1950	+	3	6.90534	0.00100242
 chisq = 4539892.125027023256 wpgp = 0.161080391069     penalty = 513090.083638319047     rms = 36.584308022199     aik-2k = 24419.818049680471
